time[sec] P_G1 [KPa] P_D1 [KPa] P_S1 [KPa] P_G2 [KPa] P_D2 [KPa] P_Act [KPa] Q1 [M^3/s] Q2 [M^3/s] P_DS1 [KPa] P_DS2 [KPa]
09 29 19 14:00:30
29.9523 0.14 2.64 0.76 0.64 0.76 7.77 929.13 270.99 1.88 0.76
59.9382 11.40 16.53 0.51 0.64 0.76 5.89 387.14 135.50 16.02 0.76
149.9340 25.16 26.54 0.01 0.64 0.76 1.26 38.71 135.50 26.53 0.76
164.9569 25.04 26.54 0.01 0.64 0.76 4.52 116.14 116.14 26.53 0.76
time[sec] P_G1 [KPa] P_D1 [KPa] P_S1 [KPa] P_G2 [KPa] P_D2 [KPa] P_Act [KPa] Q1 [M^3/s] Q2 [M^3/s] P_DS1 [KPa] P_DS2 [KPa]
09 29 19 14:05:22
29.9233 0.14 0.64 0.14 0.64 0.76 2.52 367.78 0.00 0.50 0.76
59.9018 11.40 16.15 0.14 0.64 0.76 12.65 309.71 58.07 16.02 0.76
89.9639 23.66 25.54 -0.11 0.64 0.76 3.89 0.00 77.43 25.65 0.76
119.8972 25.41 26.66 0.01 0.64 0.64 12.52 193.57 96.78 26.65 0.64
149.9279 25.41 26.66 0.01 0.76 0.89 4.27 96.78 135.50 26.65 0.89
164.9224 25.29 26.66 0.01 0.64 0.76 12.90 116.14 96.78 26.65 0.76
time[sec] P_G1 [KPa] P_D1 [KPa] P_S1 [KPa] P_G2 [KPa] P_D2 [KPa] P_Act [KPa] Q1 [M^3/s] Q2 [M^3/s] P_DS1 [KPa] P_DS2 [KPa]
09 29 19 14:08:44
29.9887 -0.11 0.01 -0.11 0.64 0.76 4.39 174.21 116.14 0.13 0.76
59.9411 11.27 13.90 -0.11 0.51 0.64 14.90 174.21 58.07 14.01 0.64
89.9973 23.79 24.41 -0.11 0.51 0.64 5.39 0.00 38.71 24.52 0.64
119.9741 25.66 26.04 -0.11 0.64 0.76 2.89 96.78 290.35 26.15 0.76
149.9754 25.66 25.91 0.01 0.64 0.76 3.77 251.64 116.14 25.90 0.76
164.8922 25.54 26.04 -0.11 0.64 0.64 3.52 96.78 251.64 26.15 0.64
