time[sec] P_G1 [KPa] P_D1 [KPa] P_S1 [KPa] P_G2 [KPa] P_D2 [KPa] P_Act [KPa] Q1 [M^3/s] Q2 [M^3/s] P_DS1 [KPa] P_DS2 [KPa]
07 22 19 10:02:46
30.0563 0.28 0.65 1.14 1.88 1.75 1.51 0.00 0.00 -0.49 1.75
30.1537 0.28 0.65 1.26 1.75 1.63 1.51 0.00 0.00 -0.62 1.63
60.0608 0.28 2.74 2.37 1.88 1.75 1.63 0.00 0.00 0.37 1.75
60.1543 0.28 2.74 2.37 1.88 1.75 1.63 0.00 0.00 0.37 1.75
90.0245 0.28 4.59 3.48 1.88 1.75 1.63 136.85 0.00 1.11 1.75
90.1282 0.28 4.59 3.48 1.88 1.75 1.63 136.85 0.00 1.11 1.75
120.0927 0.28 6.56 4.71 1.88 1.75 1.63 167.16 0.00 1.85 1.75
120.1914 0.28 6.56 4.71 1.88 1.75 1.63 166.67 0.00 1.85 1.75
150.0970 0.28 8.66 6.07 1.88 1.75 1.63 192.08 0.00 2.59 1.75
150.1934 0.28 8.53 5.95 1.75 1.63 1.63 192.08 0.00 2.59 1.63
180.0256 0.28 10.51 7.18 1.88 1.75 1.75 206.26 0.00 3.33 1.75
180.1242 0.28 10.51 7.18 1.88 1.75 1.63 210.17 0.00 3.33 1.75
210.0172 0.28 12.48 8.41 1.88 1.75 1.51 210.65 0.00 4.07 1.75
210.1116 0.28 12.60 8.53 1.88 1.75 1.63 210.65 0.00 4.07 1.75
240.0235 0.28 14.45 10.01 1.88 1.75 1.75 212.12 0.00 4.44 1.75
240.1152 0.28 14.45 9.89 1.88 1.88 1.63 206.74 0.00 4.56 1.88
270.0743 0.28 16.67 11.49 1.88 1.63 1.63 206.26 0.00 5.18 1.63
270.1698 0.28 16.67 11.37 1.88 1.75 1.63 210.17 0.00 5.30 1.75
300.0819 0.28 18.64 12.85 1.88 1.75 1.75 206.26 0.00 5.79 1.75
300.1746 0.28 18.64 12.73 1.88 1.75 1.63 211.14 0.00 5.92 1.75
330.0578 0.28 20.49 14.33 1.88 1.75 1.63 206.74 0.00 6.16 1.75
330.1482 0.28 20.49 14.33 1.88 1.75 1.51 210.17 0.00 6.16 1.75
time[sec] P_G1 [KPa] P_D1 [KPa] P_S1 [KPa] P_G2 [KPa] P_D2 [KPa] P_Act [KPa] Q1 [M^3/s] Q2 [M^3/s] P_DS1 [KPa] P_DS2 [KPa]
07 22 19 10:21:59
30.0257 10.26 0.65 1.14 1.88 1.75 1.63 0.00 0.00 -0.49 1.75
30.1195 10.26 0.77 1.14 1.88 1.75 1.63 0.00 0.00 -0.37 1.75
60.0480 10.26 2.62 1.14 1.75 1.63 1.51 0.00 0.00 1.48 1.63
60.1463 10.26 2.62 1.14 1.75 1.75 1.63 0.00 0.00 1.48 1.75
90.0302 10.26 4.59 1.26 1.75 1.75 1.63 0.00 0.00 3.33 1.75
90.1390 10.26 4.59 1.14 1.75 1.75 1.75 0.00 0.00 3.45 1.75
120.0899 10.26 6.56 1.26 1.75 1.63 1.63 0.00 0.00 5.30 1.63
120.1866 10.26 6.56 1.26 1.88 1.75 1.63 0.00 0.00 5.30 1.75
150.0957 10.26 8.53 1.26 1.75 1.88 1.63 0.00 0.00 7.27 1.88
150.1932 10.26 8.53 1.14 1.88 1.75 1.63 0.00 0.00 7.40 1.75
180.0337 10.14 10.51 1.14 1.75 1.63 1.63 0.00 0.00 9.37 1.63
180.1373 10.14 10.51 1.26 1.88 1.75 1.63 0.00 0.00 9.24 1.75
210.0212 10.14 12.60 2.99 1.75 1.75 1.63 120.23 0.00 9.61 1.75
210.1195 10.14 12.48 2.99 1.75 1.75 1.63 120.23 0.00 9.49 1.75
240.0843 10.14 14.45 10.14 1.75 1.63 1.63 211.63 0.00 4.31 1.63
240.1840 10.14 14.57 10.26 1.88 1.75 1.63 206.26 0.00 4.31 1.75
270.0135 10.01 16.67 11.62 1.88 1.63 1.63 211.14 0.00 5.05 1.63
270.1121 10.14 16.67 11.62 1.88 1.63 1.63 206.26 0.00 5.05 1.63
300.0725 10.01 18.64 13.10 1.88 1.63 1.51 207.23 0.00 5.55 1.63
300.1692 10.01 18.64 13.10 1.88 1.75 1.63 207.23 0.00 5.55 1.75
330.0659 10.01 20.74 14.45 1.75 1.75 1.63 210.65 0.00 6.29 1.75
330.1654 10.01 20.61 14.45 1.88 1.75 1.63 209.68 0.00 6.16 1.75
time[sec] P_G1 [KPa] P_D1 [KPa] P_S1 [KPa] P_G2 [KPa] P_D2 [KPa] P_Act [KPa] Q1 [M^3/s] Q2 [M^3/s] P_DS1 [KPa] P_DS2 [KPa]
07 22 19 10:30:05
30.0897 15.07 0.65 1.14 1.75 1.63 1.51 0.00 0.00 -0.49 1.63
30.1888 15.07 0.77 1.14 1.75 1.75 1.63 0.00 0.00 -0.37 1.75
60.0763 15.07 2.62 1.26 1.75 1.63 1.63 0.00 0.00 1.36 1.63
60.1684 15.19 2.74 1.14 1.88 1.75 1.63 0.00 0.00 1.60 1.75
90.0454 15.19 4.59 1.14 1.88 1.63 1.63 0.00 0.00 3.45 1.63
90.1491 15.07 4.59 1.26 1.75 1.75 1.63 0.00 0.00 3.33 1.75
120.0632 15.07 6.56 1.14 1.88 1.63 1.63 0.00 0.00 5.42 1.63
120.1581 15.07 6.56 1.26 1.75 1.63 1.51 0.00 0.00 5.30 1.63
150.0107 15.07 8.53 1.14 1.75 1.75 1.63 0.00 0.00 7.40 1.75
150.1134 15.07 8.66 1.14 1.88 1.75 1.51 0.00 0.00 7.52 1.75
180.0553 15.07 10.51 1.14 1.88 1.63 1.63 0.00 0.00 9.37 1.63
180.1587 15.07 10.51 1.14 1.75 1.63 1.51 0.00 0.00 9.37 1.63
210.0862 15.07 12.48 1.14 1.88 1.75 1.63 0.00 0.00 11.34 1.75
210.1850 15.07 12.48 1.14 1.75 1.63 1.51 0.00 0.00 11.34 1.63
240.0154 15.07 14.45 1.14 1.88 1.75 1.75 0.00 0.00 13.31 1.75
240.1168 15.07 14.45 1.14 1.75 1.63 1.63 0.00 0.00 13.31 1.63
270.0284 15.07 16.42 1.14 1.88 1.75 1.63 0.00 0.00 15.28 1.75
270.1279 15.07 16.42 1.26 1.88 1.75 1.63 0.00 0.00 15.16 1.75
300.0250 14.94 18.52 12.97 1.88 1.75 1.51 206.74 0.00 5.55 1.75
300.1160 14.94 18.64 13.10 1.75 1.63 1.51 211.63 0.00 5.55 1.63
330.0328 14.82 20.74 14.45 1.88 1.75 1.63 211.14 0.00 6.29 1.75
330.1282 14.94 20.74 14.45 1.75 1.63 1.51 206.26 0.00 6.29 1.63
time[sec] P_G1 [KPa] P_D1 [KPa] P_S1 [KPa] P_G2 [KPa] P_D2 [KPa] P_Act [KPa] Q1 [M^3/s] Q2 [M^3/s] P_DS1 [KPa] P_DS2 [KPa]
07 22 19 10:39:23
30.0841 0.40 0.65 1.14 1.75 1.75 1.51 0.00 0.00 -0.49 1.75
30.1824 0.28 0.65 1.14 1.88 1.75 1.51 0.00 0.00 -0.49 1.75
60.0404 0.28 2.62 2.37 1.88 1.63 1.63 0.00 0.00 0.25 1.63
60.1353 0.28 2.62 2.49 1.75 1.75 1.63 0.00 0.00 0.12 1.75
90.0302 0.28 4.59 3.48 1.88 1.75 1.63 138.81 0.00 1.11 1.75
90.1324 0.28 4.59 3.60 1.75 1.75 1.51 139.30 0.00 0.99 1.75
120.0321 0.28 6.56 4.84 1.88 1.75 1.63 170.58 0.00 1.73 1.75
120.1314 0.28 6.56 4.84 1.75 1.63 1.63 171.07 0.00 1.73 1.63
150.0641 0.28 8.66 6.19 1.88 1.75 1.63 195.01 0.00 2.47 1.75
150.1610 0.28 8.53 6.07 1.75 1.63 1.63 195.01 0.00 2.47 1.63
180.0086 0.28 10.63 7.55 1.88 1.75 1.75 206.74 0.00 3.08 1.75
180.1059 0.28 10.63 7.55 1.88 1.63 1.51 206.74 0.00 3.08 1.63
210.0222 0.28 12.48 8.78 1.88 1.75 1.63 210.65 0.00 3.70 1.75
210.1166 0.28 12.60 8.90 1.88 1.63 1.63 206.26 0.00 3.70 1.63
240.0851 0.28 14.57 10.14 1.88 1.75 1.63 211.14 0.00 4.44 1.75
240.1836 0.28 14.57 10.26 1.88 1.75 1.63 206.26 0.00 4.31 1.75
270.0466 0.28 16.55 11.62 1.88 1.75 1.63 206.26 0.00 4.93 1.75
270.1456 0.28 16.55 11.49 1.88 1.75 1.75 211.14 0.00 5.05 1.75
300.0976 0.28 18.64 12.97 1.88 1.75 1.63 210.17 0.00 5.67 1.75
300.1968 0.28 18.64 12.97 1.75 1.75 1.51 206.26 0.00 5.67 1.75
330.0449 0.28 20.74 14.57 1.88 1.75 1.63 210.65 0.00 6.16 1.75
330.1509 0.28 20.61 14.45 1.88 1.63 1.63 206.26 0.00 6.16 1.63
time[sec] P_G1 [KPa] P_D1 [KPa] P_S1 [KPa] P_G2 [KPa] P_D2 [KPa] P_Act [KPa] Q1 [M^3/s] Q2 [M^3/s] P_DS1 [KPa] P_DS2 [KPa]
07 22 19 10:46:03
30.0452 10.26 0.65 1.39 1.88 1.88 1.63 0.00 0.00 -0.74 1.88
30.1420 10.26 0.77 1.14 1.88 1.88 1.63 0.00 0.00 -0.37 1.88
60.0523 10.26 2.74 1.26 1.88 1.75 1.63 0.00 0.00 1.48 1.75
60.1462 10.26 2.62 1.14 1.88 1.75 1.63 0.00 0.00 1.48 1.75
90.0477 10.26 4.59 1.26 1.88 1.75 1.63 0.00 0.00 3.33 1.75
90.1467 10.26 4.59 1.14 1.88 1.75 1.63 0.00 0.00 3.45 1.75
120.0792 10.26 6.56 1.14 1.88 1.75 1.63 0.00 0.00 5.42 1.75
120.1781 10.14 6.44 1.26 1.88 1.75 1.63 0.00 0.00 5.18 1.75
150.0742 10.26 8.53 1.14 1.88 1.75 1.63 0.00 0.00 7.40 1.75
150.1757 10.14 8.53 1.26 1.88 1.75 1.75 0.00 0.00 7.27 1.75
180.0270 10.26 10.38 1.14 1.75 1.63 1.63 0.00 0.00 9.24 1.63
180.1252 10.14 10.38 1.14 1.88 1.75 1.63 0.00 0.00 9.24 1.75
210.0689 10.26 12.48 1.26 2.00 1.75 1.75 0.00 0.00 11.22 1.75
210.1690 10.14 12.48 1.14 1.88 1.75 1.63 0.00 0.00 11.34 1.75
240.0876 10.14 14.45 1.26 1.88 1.75 1.63 0.00 0.00 13.19 1.75
240.1823 10.14 14.45 1.26 1.88 1.75 1.63 0.00 0.00 13.19 1.75
270.0288 10.14 16.42 1.39 1.88 1.63 1.63 0.00 0.00 15.04 1.63
270.1269 10.14 16.42 1.51 1.88 1.75 1.75 0.00 0.00 14.92 1.75
300.0644 9.89 17.66 12.36 1.88 1.75 1.75 211.14 0.00 5.30 1.75
300.1569 9.89 17.66 12.48 1.88 1.75 1.63 206.74 0.00 5.18 1.75
330.0377 10.14 20.61 14.33 1.88 1.75 1.63 208.21 0.00 6.29 1.75
330.1398 10.14 20.61 14.45 1.88 1.75 1.63 206.26 0.00 6.16 1.75
time[sec] P_G1 [KPa] P_D1 [KPa] P_S1 [KPa] P_G2 [KPa] P_D2 [KPa] P_Act [KPa] Q1 [M^3/s] Q2 [M^3/s] P_DS1 [KPa] P_DS2 [KPa]
07 22 19 10:52:03
30.0695 14.94 0.77 1.26 1.88 1.75 1.63 0.00 0.00 -0.49 1.75
30.1842 15.07 0.65 1.26 2.00 1.88 1.75 0.00 0.00 -0.62 1.88
60.0224 15.19 2.74 1.14 1.75 1.75 1.51 0.00 0.00 1.60 1.75
60.1216 15.19 2.62 1.14 1.88 1.75 1.63 0.00 0.00 1.48 1.75
90.0020 15.19 4.71 1.14 1.88 1.63 1.63 0.00 0.00 3.57 1.63
90.0990 15.31 4.59 1.14 1.88 1.88 1.63 0.00 0.00 3.45 1.88
120.0151 15.19 6.56 1.14 1.88 1.75 1.63 0.00 0.00 5.42 1.75
120.1165 15.19 6.56 1.14 1.88 1.75 1.63 0.00 0.00 5.42 1.75
150.0736 15.19 8.53 1.14 1.88 1.75 1.63 0.00 0.00 7.40 1.75
150.1834 15.19 8.53 1.14 1.88 1.75 1.63 0.00 0.00 7.40 1.75
180.0420 15.19 10.51 1.26 1.88 1.75 1.63 0.00 0.00 9.24 1.75
180.1448 15.19 10.51 1.26 1.75 1.75 1.63 0.00 0.00 9.24 1.75
210.0095 15.07 12.48 1.14 4.47 4.22 3.97 0.00 0.00 11.34 4.22
210.1046 15.19 12.36 1.26 4.22 4.10 4.10 0.00 0.00 11.09 4.10
240.0594 15.19 14.45 1.26 3.97 3.73 3.85 0.00 0.00 13.19 3.73
240.1720 15.19 14.45 1.26 3.85 3.73 3.60 0.00 0.00 13.19 3.73
270.0663 15.19 16.42 1.14 3.97 3.85 3.73 0.00 0.00 15.28 3.85
270.1713 15.19 16.42 1.26 3.85 3.73 3.60 0.00 0.00 15.16 3.73
300.0209 15.19 18.52 1.14 3.97 3.85 3.85 0.00 0.00 17.38 3.85
300.1214 15.19 18.52 1.14 4.10 3.97 3.85 0.00 0.00 17.38 3.97
330.0228 15.19 20.61 1.26 4.10 3.97 3.85 0.00 0.00 19.35 3.97
330.1193 15.19 20.61 1.14 4.10 3.97 3.85 0.00 0.00 19.48 3.97
