time[sec] P_G1 [Psi] P_D1 [Psi] P_S1 [Psi] P_G2 [Psi] P_D2 [Psi] P_Act [Psi] Q1 [ml/min] Q2 [ml/min] P_DS1 [Psi] P_DS2 [Psi]
11 06 19 22:00:12
23.8598 -0.14 0.17 0.48 5.80 104.05 -0.17 24.44 32.99 -0.31 104.05
47.8170 4.83 5.02 0.58 6.58 103.99 -0.17 4.89 14.66 4.44 103.99
75.8420 10.77 14.03 0.64 7.39 103.86 0.01 9.78 14.66 13.39 103.86
107.9390 16.15 15.53 0.51 7.90 103.99 -0.24 4.89 9.78 15.01 103.99
146.9140 21.41 22.97 0.58 6.21 104.11 -0.11 12.22 9.78 22.40 104.11
167.8517 26.25 33.59 0.51 5.10 104.03 -0.11 6.52 8.15 33.07 104.03
203.4267 31.45 56.72 0.51 6.46 104.02 -0.24 11.00 14.66 56.21 104.02
231.8542 36.11 56.78 0.55 7.10 104.14 -0.17 8.96 6.52 56.22 104.14
260.8968 41.41 56.48 0.51 6.10 104.03 -0.20 9.78 4.07 55.97 104.03
291.8706 46.42 56.03 0.55 6.81 103.94 -0.15 7.68 16.76 55.48 103.94
318.9137 51.50 58.70 0.58 7.14 104.02 -0.11 9.78 12.22 58.12 104.02
354.8352 55.44 61.48 0.58 6.46 104.05 -0.21 13.44 17.11 60.90 104.05
383.8358 61.50 65.25 0.54 6.54 104.09 -0.09 11.73 20.53 64.71 104.09
time[sec] P_G1 [Psi] P_D1 [Psi] P_S1 [Psi] P_G2 [Psi] P_D2 [Psi] P_Act [Psi] Q1 [ml/min] Q2 [ml/min] P_DS1 [Psi] P_DS2 [Psi]
11 06 19 22:07:13
22.8568 -0.17 6.44 1.24 7.48 103.93 -0.11 628.87 17.92 5.19 103.93
49.8970 5.04 6.59 1.26 7.60 103.96 -0.16 630.50 7.82 5.33 103.96
80.6660 10.52 13.95 1.19 6.92 104.06 -0.24 633.43 13.69 12.76 104.06
111.8675 15.84 20.22 1.14 6.64 103.93 0.01 615.84 7.33 19.08 103.93
141.9031 20.77 21.96 1.23 7.11 104.17 -0.17 601.87 9.08 20.73 104.17
170.7040 25.96 67.68 0.64 6.44 103.94 -0.11 29.33 10.75 67.04 103.94
203.8430 31.49 67.15 0.69 6.67 103.94 -0.06 9.78 9.78 66.46 103.94
230.8797 36.21 67.22 0.70 6.56 104.03 -0.15 6.52 25.25 66.52 104.03
262.2806 41.48 67.68 0.71 6.87 103.99 -0.14 11.73 6.84 66.97 103.99
293.3685 46.31 67.64 0.83 6.08 103.93 -0.14 12.22 11.00 66.82 103.93
321.8742 51.54 67.85 0.66 5.97 103.91 -0.09 7.82 12.71 67.19 103.91
353.8548 54.47 65.68 0.69 6.72 104.09 -0.06 14.66 13.69 64.99 104.09
380.8665 61.45 67.52 0.70 6.71 104.05 -0.05 39.10 2.44 66.82 104.05
time[sec] P_G1 [Psi] P_D1 [Psi] P_S1 [Psi] P_G2 [Psi] P_D2 [Psi] P_Act [Psi] Q1 [ml/min] Q2 [ml/min] P_DS1 [Psi] P_DS2 [Psi]
11 06 19 22:14:18
19.2113 -0.15 26.79 4.64 9.40 103.95 -0.11 1948.52 29.33 22.15 103.95
52.5120 5.81 26.25 4.64 9.31 103.99 -0.07 1968.07 6.52 21.60 103.99
83.3602 10.80 25.79 4.49 9.24 103.83 -0.05 2007.58 11.00 21.30 103.83
114.8502 15.81 25.76 4.39 9.40 103.93 -0.08 2016.13 7.33 21.36 103.93
140.5627 20.70 25.66 4.48 9.10 104.07 -0.11 2026.72 3.26 21.19 104.07
172.8505 26.06 67.52 0.87 6.96 103.84 -0.07 975.89 8.15 66.65 103.84
203.8850 28.77 66.85 0.84 6.64 104.04 -0.14 1028.35 4.89 66.01 104.04
231.5482 35.69 66.74 0.74 4.12 104.14 -0.09 1044.31 4.89 66.00 104.14
265.8600 40.39 66.83 0.81 -0.36 103.91 0.14 1086.67 8.15 66.02 103.91
291.8578 44.68 66.86 0.83 -0.52 103.90 0.23 1075.27 7.33 66.03 103.90
323.0520 51.26 66.90 0.91 -0.74 103.84 0.11 1068.43 14.66 65.99 103.84
346.9180 56.38 66.95 0.83 -0.49 103.86 0.26 1038.61 26.88 66.13 103.86
387.8220 61.45 66.83 0.76 -0.36 104.11 0.14 1094.82 9.78 66.06 104.11
time[sec] P_G1 [Psi] P_D1 [Psi] P_S1 [Psi] P_G2 [Psi] P_D2 [Psi] P_Act [Psi] Q1 [ml/min] Q2 [ml/min] P_DS1 [Psi] P_DS2 [Psi]
11 06 19 22:22:51
22.6560 -0.06 37.15 7.02 -0.51 103.76 0.11 2551.32 19.55 30.13 103.76
51.9045 -0.11 36.96 6.99 -0.46 104.02 0.14 2550.10 23.22 29.97 104.02
82.2836 10.70 36.85 6.99 -0.41 103.96 0.11 2530.79 20.53 29.85 103.96
111.8742 15.84 36.90 7.06 -0.40 103.88 0.14 2530.95 5.70 29.84 103.88
141.4708 20.91 37.10 7.02 -0.44 103.91 0.24 2531.77 9.78 30.08 103.91
173.0990 25.46 36.97 7.12 -0.49 103.89 0.14 2534.70 7.82 29.85 103.89
203.0834 30.42 36.85 6.99 -0.41 103.86 0.16 2530.79 20.53 29.85 103.86
232.8642 35.55 73.27 0.83 -0.36 103.96 0.14 9.78 13.44 72.45 103.96
262.5440 40.01 72.12 0.93 -0.40 103.91 0.12 10.59 10.59 71.19 103.91
292.6778 45.88 71.73 0.89 -0.46 103.89 0.14 122.19 8.80 70.84 103.89
321.4656 35.05 38.43 7.02 -0.49 103.91 0.11 2453.57 7.82 31.41 103.91
351.0782 35.10 38.15 6.94 -0.44 103.96 0.19 2451.61 18.57 31.21 103.96
382.2914 35.17 39.08 6.59 -0.39 103.86 0.16 2447.70 4.89 32.48 103.86
time[sec] P_G1 [Psi] P_D1 [Psi] P_S1 [Psi] P_G2 [Psi] P_D2 [Psi] P_Act [Psi] Q1 [ml/min] Q2 [ml/min] P_DS1 [Psi] P_DS2 [Psi]
11 06 19 22:29:46
22.1950 -0.11 42.53 8.58 -0.45 104.03 0.14 3145.16 26.07 33.95 104.03
51.8610 -0.15 42.26 8.60 -0.45 104.03 0.18 3149.23 29.33 33.66 104.03
81.4708 10.77 42.28 8.57 -0.34 103.96 0.16 3132.94 7.82 33.71 103.96
111.8502 15.78 42.49 8.58 -0.46 103.93 0.17 3131.72 9.78 33.91 103.93
143.3878 20.91 42.40 8.55 -0.46 103.99 0.17 3131.72 9.78 33.85 103.99
171.4868 25.44 42.28 8.55 -0.46 103.89 0.14 3130.99 6.84 33.73 103.89
201.8728 30.38 42.30 8.42 -0.38 103.99 0.16 3120.72 15.48 33.89 103.99
233.3758 35.39 42.65 8.49 -0.39 104.05 0.11 3125.61 6.11 34.16 104.05
258.8920 39.02 43.24 8.40 -0.46 103.90 0.20 3096.29 34.21 34.85 103.90
293.8440 39.11 43.99 8.40 -0.39 104.02 0.11 3071.85 31.77 35.60 104.02
325.8837 39.30 43.14 8.48 -0.40 104.03 0.14 3062.89 11.40 34.66 104.03
352.2240 39.36 44.08 8.52 -0.43 103.97 0.12 3044.97 9.78 35.56 103.97
381.4748 39.93 44.61 8.35 -0.56 104.01 0.14 3045.94 8.80 36.26 104.01
