time[sec] P_G1 [KPa] P_D1 [KPa] P_S1 [KPa] P_G2 [KPa] P_D2 [KPa] P_Act [KPa] Q1 [M^3/s] Q2 [M^3/s] P_DS1 [KPa] P_DS2 [KPa]
07 22 19 11:01:58
30.0049 0.40 0.65 1.39 3.97 3.73 3.73 0.00 0.00 -0.74 3.73
30.0997 0.40 0.65 1.14 4.10 4.10 3.73 0.00 0.00 -0.49 4.10
30.1946 0.28 0.65 1.26 4.10 4.10 3.73 0.00 0.00 -0.62 4.10
60.0727 0.28 2.62 2.25 3.97 3.85 3.85 0.00 0.00 0.37 3.85
60.1699 0.40 2.49 2.25 4.22 3.85 3.85 0.00 0.00 0.25 3.85
90.0744 0.40 4.59 3.60 3.97 3.73 3.73 137.83 0.00 0.99 3.73
90.1694 0.28 4.47 3.60 4.10 3.97 3.85 138.32 0.00 0.86 3.97
120.0027 0.28 6.56 4.71 3.97 3.85 3.73 169.11 0.00 1.85 3.85
120.1013 0.40 6.56 4.84 3.97 4.10 3.85 170.58 0.00 1.73 4.10
120.1936 0.40 6.56 4.84 4.10 3.97 3.60 168.62 0.00 1.73 3.97
150.0275 0.28 8.53 6.07 4.10 3.85 3.85 193.55 0.00 2.47 3.85
150.1215 0.28 8.53 6.07 4.10 3.97 3.85 192.57 0.00 2.47 3.97
180.0927 0.28 10.51 7.43 4.10 4.10 4.10 206.74 0.00 3.08 4.10
180.1875 0.28 10.51 7.43 3.85 3.73 3.60 206.74 0.00 3.08 3.73
210.0541 0.28 12.60 8.78 3.97 3.97 3.97 210.65 0.00 3.82 3.97
210.1517 0.40 12.60 8.78 3.97 3.73 3.60 211.14 0.00 3.82 3.73
240.0936 0.40 14.57 10.14 4.10 4.10 3.85 207.72 0.00 4.44 4.10
240.1910 0.28 14.57 10.14 3.97 3.85 3.73 206.26 0.00 4.44 3.85
270.0768 0.40 16.67 11.49 3.97 3.85 3.60 206.26 0.00 5.18 3.85
270.1705 0.28 16.55 11.37 3.97 3.85 3.48 207.23 0.00 5.18 3.85
300.0811 0.28 18.64 12.97 3.97 3.73 3.60 206.26 0.00 5.67 3.73
300.1786 0.28 18.64 12.85 3.97 3.85 3.73 209.68 0.00 5.79 3.85
330.0710 0.28 20.49 14.33 3.97 3.73 3.48 208.21 0.00 6.16 3.73
330.1687 0.40 20.49 14.33 3.85 3.85 3.60 207.23 0.00 6.16 3.85
time[sec] P_G1 [KPa] P_D1 [KPa] P_S1 [KPa] P_G2 [KPa] P_D2 [KPa] P_Act [KPa] Q1 [M^3/s] Q2 [M^3/s] P_DS1 [KPa] P_DS2 [KPa]
07 22 19 11:08:15
30.0560 10.14 0.65 1.26 3.97 3.85 3.60 0.00 0.00 -0.62 3.85
30.1696 10.14 0.65 1.14 3.85 3.73 3.60 0.00 0.00 -0.49 3.73
60.0663 10.14 2.62 1.26 4.10 3.97 3.73 0.00 0.00 1.36 3.97
60.1754 10.14 2.62 1.14 3.85 3.73 3.73 0.00 0.00 1.48 3.73
90.0415 10.14 4.59 1.14 3.97 3.97 3.73 0.00 0.00 3.45 3.97
90.1529 10.14 4.59 1.26 3.85 3.73 3.60 0.00 0.00 3.33 3.73
120.0416 10.14 6.44 1.14 3.97 3.85 3.73 0.00 0.00 5.30 3.85
120.1473 10.14 6.56 1.26 3.85 3.85 3.60 0.00 0.00 5.30 3.85
150.0498 10.14 8.53 1.14 3.97 3.73 3.73 0.00 0.00 7.40 3.73
150.1621 10.14 8.53 1.14 3.85 3.73 3.60 0.00 0.00 7.40 3.73
180.0329 10.14 10.38 1.14 3.73 3.73 3.60 0.00 0.00 9.24 3.73
180.1371 10.14 10.51 1.14 3.97 3.73 3.73 0.00 0.00 9.37 3.73
210.0292 10.14 12.60 1.26 3.85 3.73 3.48 0.00 0.00 11.34 3.73
210.1373 10.14 12.60 1.14 3.97 3.73 3.73 0.00 0.00 11.46 3.73
240.0905 10.14 14.45 1.26 3.85 3.85 3.60 0.00 0.00 13.19 3.85
270.0306 10.01 16.55 11.37 3.97 3.85 3.60 206.26 0.00 5.18 3.85
270.1417 10.01 16.55 11.49 3.97 3.73 3.60 206.26 0.00 5.05 3.73
300.0826 10.01 18.64 12.97 3.97 3.97 3.73 206.26 0.00 5.67 3.97
300.1968 9.89 18.64 12.97 3.85 3.85 3.60 210.65 0.00 5.67 3.85
330.0021 9.89 20.61 14.33 3.97 3.60 3.60 206.74 0.00 6.29 3.60
330.1215 9.89 20.61 14.33 3.97 3.85 3.73 211.14 0.00 6.29 3.85
time[sec] P_G1 [KPa] P_D1 [KPa] P_S1 [KPa] P_G2 [KPa] P_D2 [KPa] P_Act [KPa] Q1 [M^3/s] Q2 [M^3/s] P_DS1 [KPa] P_DS2 [KPa]
07 22 19 11:15:17
30.0802 15.19 0.65 1.26 3.97 3.85 3.85 0.00 0.00 -0.62 3.85
30.1736 15.19 0.65 1.14 3.73 3.73 3.60 0.00 0.00 -0.49 3.73
60.0446 15.07 2.62 1.26 3.85 3.85 3.73 0.00 0.00 1.36 3.85
60.1470 15.07 2.62 1.14 3.85 3.73 3.60 0.00 0.00 1.48 3.73
90.0390 15.07 4.59 1.14 3.60 3.60 3.48 0.00 0.00 3.45 3.60
90.1527 14.94 4.59 1.26 3.73 3.60 3.48 0.00 0.00 3.33 3.60
120.0413 14.94 6.44 1.14 3.60 3.60 3.48 0.00 0.00 5.30 3.60
120.1457 14.94 6.44 1.26 3.73 3.60 3.73 0.00 0.00 5.18 3.60
150.0714 15.07 8.53 1.14 3.73 3.60 3.48 0.00 0.00 7.40 3.60
150.1739 15.07 8.53 1.26 3.85 3.73 3.48 0.00 0.00 7.27 3.73
180.1101 15.19 10.51 1.14 3.73 3.48 3.36 0.00 0.00 9.37 3.48
210.0531 15.07 12.36 1.26 3.85 3.73 3.60 0.00 0.00 11.09 3.73
210.1592 15.19 12.48 1.14 3.60 3.60 3.60 0.00 0.00 11.34 3.60
240.0401 15.07 14.45 1.26 3.73 3.73 3.60 0.00 0.00 13.19 3.73
240.1577 15.07 14.45 1.14 3.60 3.73 3.48 0.00 0.00 13.31 3.73
270.1016 15.07 16.42 2.86 3.85 3.60 3.48 113.39 0.00 13.56 3.60
300.1089 14.94 18.15 5.21 3.73 3.60 3.48 177.42 0.00 12.94 3.60
330.1071 14.82 20.61 14.33 3.73 3.60 3.48 211.14 0.00 6.29 3.60
time[sec] P_G1 [KPa] P_D1 [KPa] P_S1 [KPa] P_G2 [KPa] P_D2 [KPa] P_Act [KPa] Q1 [M^3/s] Q2 [M^3/s] P_DS1 [KPa] P_DS2 [KPa]
07 22 19 11:24:15
30.0103 0.40 0.65 1.14 3.73 3.60 3.48 0.00 0.00 -0.49 3.60
30.1030 0.40 0.65 1.26 3.73 3.60 3.48 0.00 0.00 -0.62 3.60
60.1028 0.28 2.62 2.25 3.85 3.85 3.60 0.00 0.00 0.37 3.85
90.0640 0.28 4.59 3.60 3.73 3.60 3.60 139.78 0.00 0.99 3.60
90.1600 0.28 4.59 3.60 3.60 3.48 3.60 139.78 0.00 0.99 3.48
120.0145 0.28 6.56 4.84 3.73 3.48 3.48 169.11 0.00 1.73 3.48
120.1096 0.28 6.56 4.84 3.73 3.48 3.36 169.60 0.00 1.73 3.48
150.0860 0.40 8.41 6.07 3.73 3.60 3.36 192.08 0.00 2.34 3.60
150.1862 0.28 8.41 6.07 3.73 3.60 3.60 192.08 0.00 2.34 3.60
180.0897 0.28 10.51 7.55 3.73 3.60 3.48 206.26 0.00 2.96 3.60
180.1875 0.28 10.51 7.55 3.73 3.73 3.60 208.70 0.00 2.96 3.73
210.0083 0.28 12.48 8.78 3.73 3.48 3.36 211.14 0.00 3.70 3.48
210.1086 0.28 12.48 8.90 3.60 3.48 3.60 211.14 0.00 3.57 3.48
240.0371 0.28 14.57 10.14 3.60 3.60 3.36 206.26 0.00 4.44 3.60
240.1331 0.28 14.57 10.26 3.60 3.48 3.36 206.26 0.00 4.31 3.48
270.0094 0.28 16.67 11.49 3.73 3.48 3.36 206.74 0.00 5.18 3.48
270.1097 0.28 16.67 11.49 3.60 3.48 3.60 210.65 0.00 5.18 3.48
300.0611 0.28 18.52 12.97 3.73 3.60 3.48 211.14 0.00 5.55 3.60
300.1589 0.28 18.64 13.10 3.48 3.48 3.60 206.74 0.00 5.55 3.48
330.0835 0.28 20.61 14.45 3.85 3.73 3.60 210.17 0.00 6.16 3.73
330.1821 0.40 20.61 14.45 3.73 3.60 3.48 205.77 0.00 6.16 3.60
time[sec] P_G1 [KPa] P_D1 [KPa] P_S1 [KPa] P_G2 [KPa] P_D2 [KPa] P_Act [KPa] Q1 [M^3/s] Q2 [M^3/s] P_DS1 [KPa] P_DS2 [KPa]
07 22 19 11:30:10
30.0111 10.14 0.77 1.14 3.85 3.60 3.60 0.00 0.00 -0.37 3.60
30.1035 10.14 0.65 1.14 3.60 3.60 3.36 0.00 0.00 -0.49 3.60
30.1986 10.14 0.65 1.26 3.60 3.48 3.36 0.00 0.00 -0.62 3.48
60.0419 10.14 2.62 1.14 3.85 3.73 3.60 0.00 0.00 1.48 3.73
60.1340 10.14 2.62 1.14 3.73 3.48 3.36 0.00 0.00 1.48 3.48
90.0557 10.14 4.59 1.26 3.85 3.60 3.48 0.00 0.00 3.33 3.60
90.1510 10.14 4.59 1.14 3.60 3.60 3.48 0.00 0.00 3.45 3.60
120.0160 10.01 6.44 1.14 3.73 3.60 3.60 0.00 0.00 5.30 3.60
120.1153 10.14 6.44 1.26 3.73 3.60 3.36 0.00 0.00 5.18 3.60
150.0477 10.14 8.53 1.14 3.73 3.73 3.36 0.00 0.00 7.40 3.73
150.1470 10.14 8.53 1.26 3.60 3.48 3.48 0.00 0.00 7.27 3.48
180.0808 10.26 10.38 1.14 3.48 3.48 3.60 0.00 0.00 9.24 3.48
180.1765 10.26 10.38 1.26 3.73 3.60 3.48 0.00 0.00 9.12 3.60
210.0810 10.26 12.48 1.14 3.73 3.60 3.36 0.00 0.00 11.34 3.60
210.1746 10.26 12.48 1.14 3.60 3.60 3.48 0.00 0.00 11.34 3.60
240.0913 10.26 14.45 1.14 3.60 3.60 3.36 0.00 0.00 13.31 3.60
240.1862 10.14 14.57 1.26 3.73 3.60 3.60 0.00 0.00 13.31 3.60
270.0600 10.01 16.79 11.86 3.73 3.60 3.48 211.63 0.00 4.93 3.60
270.1575 10.01 16.79 11.86 3.48 3.36 3.36 205.77 0.00 4.93 3.36
300.0076 10.01 18.77 13.10 3.85 3.60 3.60 210.17 0.00 5.67 3.60
300.1064 10.01 18.64 13.22 3.60 3.60 3.48 206.74 0.00 5.42 3.60
330.0276 10.01 20.61 14.57 3.73 3.60 3.73 206.74 0.00 6.04 3.60
330.1263 10.01 20.61 14.57 3.73 3.73 3.60 209.19 0.00 6.04 3.73
time[sec] P_G1 [KPa] P_D1 [KPa] P_S1 [KPa] P_G2 [KPa] P_D2 [KPa] P_Act [KPa] Q1 [M^3/s] Q2 [M^3/s] P_DS1 [KPa] P_DS2 [KPa]
07 22 19 11:36:14
30.0666 15.81 1.51 2.00 4.22 4.22 3.97 0.00 0.00 -0.49 4.22
30.1647 15.81 1.51 2.00 4.22 4.10 4.22 0.00 0.00 -0.49 4.10
60.0772 15.68 3.36 2.00 3.97 4.10 3.85 0.00 0.00 1.36 4.10
60.1759 15.68 3.36 2.00 3.97 3.97 3.85 0.00 0.00 1.36 3.97
90.0020 15.68 5.21 1.88 4.10 3.97 3.97 0.00 0.00 3.33 3.97
90.1035 15.68 5.33 1.88 4.10 3.85 3.97 0.00 0.00 3.45 3.85
120.0775 15.68 7.18 1.88 4.10 3.97 3.97 0.00 0.00 5.30 3.97
120.1793 15.68 7.18 1.88 4.10 3.85 3.85 0.00 0.00 5.30 3.85
150.0302 15.68 9.15 2.00 3.85 3.85 3.85 0.00 0.00 7.15 3.85
150.1283 15.68 9.15 1.88 3.97 3.85 3.85 0.00 0.00 7.27 3.85
180.0391 15.93 11.12 1.88 3.97 3.85 3.85 0.00 0.00 9.24 3.85
180.1380 15.93 11.12 1.88 4.10 3.73 3.85 0.00 0.00 9.24 3.73
210.0558 15.81 12.97 1.88 3.97 3.85 3.73 0.00 0.00 11.09 3.85
210.1572 15.93 13.34 1.88 4.10 3.85 3.97 0.00 0.00 11.46 3.85
240.0586 15.93 15.07 1.88 3.97 3.85 3.73 0.00 0.00 13.19 3.85
240.1562 15.93 15.19 2.00 4.10 3.97 3.85 0.00 0.00 13.19 3.97
270.0123 15.93 17.16 1.88 4.10 3.97 3.85 0.00 0.00 15.28 3.97
270.1069 15.93 17.16 1.88 3.97 3.85 3.85 0.00 0.00 15.28 3.85
300.0409 15.93 19.14 1.88 4.10 3.85 3.73 0.00 0.00 17.26 3.85
300.1390 15.81 19.01 1.88 3.97 3.85 3.73 0.00 0.00 17.13 3.85
330.0341 15.93 21.23 2.00 3.85 3.85 3.73 0.00 0.00 19.23 3.85
330.1289 15.93 21.11 1.88 3.97 3.73 3.48 0.00 0.00 19.23 3.73
time[sec] P_G1 [KPa] P_D1 [KPa] P_S1 [KPa] P_G2 [KPa] P_D2 [KPa] P_Act [KPa] Q1 [M^3/s] Q2 [M^3/s] P_DS1 [KPa] P_DS2 [KPa]
07 22 19 12:04:41
30.0255 0.65 0.77 1.39 2.37 2.25 2.12 0.00 0.00 -0.62 2.25
30.1232 0.65 0.89 1.39 2.25 2.12 2.12 0.00 0.00 -0.49 2.12
60.0191 0.65 2.86 2.37 2.37 2.25 2.12 0.00 0.00 0.49 2.25
60.1120 0.65 2.86 2.49 2.25 2.12 2.12 0.00 0.00 0.37 2.12
90.0575 0.77 4.84 3.60 2.37 2.12 2.00 136.36 0.00 1.23 2.12
90.1608 0.65 4.84 3.60 2.37 2.37 2.12 135.87 0.00 1.23 2.37
120.0219 0.65 6.81 4.84 2.49 2.25 2.12 166.18 0.00 1.97 2.25
120.1211 0.65 6.81 4.96 2.37 2.25 2.12 166.18 0.00 1.85 2.25
150.0836 0.65 8.66 6.07 2.37 2.25 2.12 190.62 0.00 2.59 2.25
150.1727 0.65 8.66 6.07 2.37 2.12 2.12 190.62 0.00 2.59 2.12
180.0031 0.65 10.75 7.55 2.37 2.37 2.12 209.68 0.00 3.20 2.37
180.1061 0.65 10.75 7.55 2.37 2.25 2.12 205.77 0.00 3.20 2.25
210.0866 0.65 12.73 8.90 2.37 2.37 2.12 209.19 0.00 3.82 2.37
210.1847 0.65 12.73 8.78 2.37 2.12 2.12 210.17 0.00 3.94 2.12
240.0070 0.65 14.70 10.14 2.37 2.37 2.12 205.77 0.00 4.56 2.37
240.1154 0.65 14.70 10.26 2.37 2.25 2.12 210.17 0.00 4.44 2.25
270.0376 0.65 16.79 11.62 2.37 2.25 2.25 210.65 0.00 5.18 2.25
270.1321 0.65 16.79 11.62 2.37 2.25 2.25 210.65 0.00 5.18 2.25
300.0873 0.65 18.77 12.97 2.37 2.25 2.12 210.17 0.00 5.79 2.25
300.1864 0.65 18.77 12.97 2.37 2.37 2.25 206.26 0.00 5.79 2.37
330.0357 0.65 20.86 14.33 2.25 2.12 2.12 207.72 0.00 6.53 2.12
330.1107 0.65 20.74 14.20 2.37 2.25 2.12 208.70 0.00 6.53 2.25
time[sec] P_G1 [KPa] P_D1 [KPa] P_S1 [KPa] P_G2 [KPa] P_D2 [KPa] P_Act [KPa] Q1 [M^3/s] Q2 [M^3/s] P_DS1 [KPa] P_DS2 [KPa]
07 22 19 12:10:46
30.0039 10.38 1.02 1.26 2.25 2.12 2.00 0.00 0.00 -0.25 2.12
30.1024 10.38 1.02 1.39 2.37 2.37 2.12 0.00 0.00 -0.37 2.37
60.0132 10.51 2.86 1.39 2.25 2.00 1.75 0.00 0.00 1.48 2.00
60.1141 10.38 2.86 1.39 2.12 2.00 2.00 0.00 0.00 1.48 2.00
90.0378 10.38 4.71 1.39 2.12 2.00 1.88 0.00 0.00 3.33 2.00
90.1325 10.38 4.84 1.26 2.12 2.00 1.88 0.00 0.00 3.57 2.00
120.0963 10.38 6.69 1.39 2.12 2.00 1.88 0.00 0.00 5.30 2.00
120.1956 10.38 6.69 1.26 2.12 2.00 1.88 0.00 0.00 5.42 2.00
150.0707 10.38 8.78 1.39 2.12 2.00 2.00 0.00 0.00 7.40 2.00
150.1682 10.51 8.78 1.39 2.12 2.00 2.00 0.00 0.00 7.40 2.00
180.0481 10.38 10.63 1.51 2.00 1.88 1.88 0.00 0.00 9.12 1.88
180.1425 10.38 10.75 1.39 2.12 2.12 2.00 0.00 0.00 9.37 2.12
210.0082 10.38 12.73 1.39 2.12 2.00 1.88 0.00 0.00 11.34 2.00
210.1073 10.38 12.60 1.51 2.12 2.00 2.00 0.00 0.00 11.09 2.00
210.1973 10.38 12.60 1.39 2.12 2.00 1.88 0.00 0.00 11.22 2.00
240.0021 10.38 14.70 1.75 2.00 1.88 1.88 0.00 0.00 12.94 1.88
240.1014 10.38 14.70 1.75 2.00 2.00 2.00 0.00 0.00 12.94 2.00
240.1957 10.38 14.57 1.88 2.12 2.00 1.88 0.00 0.00 12.70 2.00
270.0761 10.26 16.79 11.49 2.12 2.00 1.88 210.17 0.00 5.30 2.00
270.1775 10.26 16.79 11.49 2.12 2.00 1.88 206.26 0.00 5.30 2.00
300.0130 10.26 18.89 12.85 2.12 1.88 1.88 205.77 0.00 6.04 1.88
300.1046 10.26 18.89 12.85 2.12 2.00 1.75 206.74 0.00 6.04 2.00
300.1974 10.38 18.77 12.85 2.12 2.00 1.88 206.26 0.00 5.92 2.00
330.0412 10.26 20.98 14.45 2.12 2.00 2.00 210.65 0.00 6.53 2.00
330.1371 10.26 20.86 14.33 2.00 2.00 1.88 205.77 0.00 6.53 2.00
time[sec] P_G1 [KPa] P_D1 [KPa] P_S1 [KPa] P_G2 [KPa] P_D2 [KPa] P_Act [KPa] Q1 [M^3/s] Q2 [M^3/s] P_DS1 [KPa] P_DS2 [KPa]
07 22 19 12:16:58
30.0652 15.31 1.02 1.26 2.00 1.88 1.75 0.00 0.00 -0.25 1.88
30.1596 15.31 1.02 1.39 2.12 2.00 1.88 0.00 0.00 -0.37 2.00
60.0391 15.31 2.86 1.39 2.00 2.00 1.75 0.00 0.00 1.48 2.00
60.1323 15.31 2.86 1.26 2.12 2.00 1.88 0.00 0.00 1.60 2.00
90.0895 15.31 4.84 1.39 2.25 2.00 1.75 0.00 0.00 3.45 2.00
90.1921 15.31 4.84 1.39 2.12 2.00 1.75 0.00 0.00 3.45 2.00
120.0299 15.19 6.69 1.39 2.00 2.00 1.75 0.00 0.00 5.30 2.00
120.1273 15.31 6.81 1.39 2.12 2.00 1.88 0.00 0.00 5.42 2.00
150.0398 15.19 8.78 1.39 2.00 1.88 1.75 0.00 0.00 7.40 1.88
150.1392 15.31 8.78 1.39 2.12 2.00 1.75 0.00 0.00 7.40 2.00
180.0014 15.31 10.75 1.39 2.12 1.88 1.75 0.00 0.00 9.37 1.88
180.0955 15.31 10.75 1.39 2.00 2.00 1.88 0.00 0.00 9.37 2.00
180.1937 15.31 10.75 1.39 2.12 2.00 1.88 0.00 0.00 9.37 2.00
210.0514 15.31 12.60 1.26 2.00 1.88 1.88 0.00 0.00 11.34 1.88
210.1501 15.31 12.73 1.26 2.00 2.00 2.00 0.00 0.00 11.46 2.00
240.0905 15.19 14.70 1.39 2.00 2.00 1.75 0.00 0.00 13.31 2.00
240.1898 15.31 14.70 1.26 2.12 2.00 1.88 0.00 0.00 13.44 2.00
270.0077 15.31 16.79 1.39 2.12 2.00 1.88 0.00 0.00 15.41 2.00
270.1021 15.31 16.67 1.39 2.00 2.00 1.75 0.00 0.00 15.28 2.00
270.1945 15.31 16.79 1.39 2.12 2.00 1.88 0.00 0.00 15.41 2.00
300.0750 15.31 18.64 1.51 2.12 1.88 1.88 0.00 0.00 17.13 1.88
300.1739 15.31 18.64 1.39 2.00 2.00 1.75 0.00 0.00 17.26 2.00
330.0030 15.31 20.74 1.39 2.12 2.00 1.88 0.00 0.00 19.35 2.00
330.1012 15.19 20.74 1.51 2.12 1.88 1.88 0.00 0.00 19.23 1.88
330.1943 15.31 20.74 1.51 2.12 2.00 1.88 0.00 0.00 19.23 2.00
