time[sec] P_G1 [KPa] P_D1 [KPa] P_S1 [KPa] P_G2 [KPa] P_D2 [KPa] P_Act [KPa] Q1 [M^3/s] Q2 [M^3/s] P_DS1 [KPa] P_DS2 [KPa]
09 25 19 11:18:26
29.9279 0.89 1.01 1.01 1.01 1.14 14.40 251.64 0.00 0.00 1.14
59.9045 12.27 15.78 1.01 1.14 1.26 3.39 212.92 232.28 14.76 1.26
89.8878 24.16 25.16 1.14 1.14 1.14 15.40 232.28 251.64 24.02 1.14
119.9642 36.05 40.05 1.14 1.14 1.26 10.02 212.92 0.00 38.91 1.26
149.9052 40.05 42.30 1.14 1.01 1.14 0.89 96.78 522.63 41.17 1.14
164.9144 39.80 42.18 1.14 1.14 1.14 4.27 174.21 290.35 41.04 1.14
time[sec] P_G1 [KPa] P_D1 [KPa] P_S1 [KPa] P_G2 [KPa] P_D2 [KPa] P_Act [KPa] Q1 [M^3/s] Q2 [M^3/s] P_DS1 [KPa] P_DS2 [KPa]
09 25 19 11:21:38
29.9501 0.89 2.01 1.51 0.89 1.14 14.53 600.06 270.99 0.50 1.14
59.9765 11.90 17.15 1.51 1.01 1.14 4.64 445.21 251.64 15.64 1.14
89.9225 24.41 26.29 1.26 1.01 1.14 -0.11 387.14 212.92 25.02 1.14
119.9652 36.30 41.43 1.01 1.01 1.14 6.64 212.92 212.92 40.41 1.14
149.9680 40.18 42.68 1.01 0.89 1.14 4.52 270.99 290.35 41.67 1.14
164.9744 40.05 42.68 1.14 1.01 1.14 14.78 232.28 270.99 41.54 1.14
time[sec] P_G1 [KPa] P_D1 [KPa] P_S1 [KPa] P_G2 [KPa] P_D2 [KPa] P_Act [KPa] Q1 [M^3/s] Q2 [M^3/s] P_DS1 [KPa] P_DS2 [KPa]
09 25 19 11:25:07
29.9261 0.89 6.52 3.02 0.89 1.01 11.65 1238.83 251.64 3.50 1.01
59.8952 12.27 17.15 2.89 0.89 1.01 2.52 1083.98 212.92 14.26 1.01
89.9364 24.29 24.79 2.39 0.89 1.14 14.40 1006.55 232.28 22.40 1.14
119.9118 36.17 41.68 1.14 1.01 1.26 3.89 425.85 212.92 40.54 1.26
149.9696 39.93 42.55 1.14 1.01 1.14 6.89 251.64 270.99 41.42 1.14
164.9817 39.80 42.55 1.14 1.01 1.14 13.15 251.64 251.64 41.42 1.14
