time[sec] P_G1 [KPa] P_D1 [KPa] P_S1 [KPa] P_G2 [KPa] P_D2 [KPa] P_Act [KPa] Q1 [M^3/s] Q2 [M^3/s] P_DS1 [KPa] P_DS2 [KPa]
10 07 19 20:27:53
21.9380 0.33 0.12 0.32 1.05 0.92 1.00 95.66 90.77 -0.20 0.92
51.9553 0.60 0.17 0.36 1.06 0.92 0.96 49.96 48.88 -0.19 0.92
81.9385 1.19 0.28 0.30 1.03 0.89 0.98 49.57 49.57 -0.02 0.89
111.9385 1.50 0.41 0.28 1.03 0.91 0.98 42.59 60.05 0.13 0.91
141.9545 1.84 0.53 0.35 1.05 0.91 0.96 53.07 60.05 0.18 0.91
time[sec] P_G1 [KPa] P_D1 [KPa] P_S1 [KPa] P_G2 [KPa] P_D2 [KPa] P_Act [KPa] Q1 [M^3/s] Q2 [M^3/s] P_DS1 [KPa] P_DS2 [KPa]
10 07 19 20:31:09
21.2023 0.37 0.89 0.51 1.04 0.84 0.89 444.16 91.64 0.38 0.84
52.6903 0.87 1.51 0.51 1.01 0.89 0.92 328.69 54.99 1.00 0.89
81.9527 1.42 2.44 0.48 1.00 0.87 0.91 357.49 45.38 1.97 0.87
111.9673 2.07 3.27 0.46 1.01 0.89 0.92 354.00 50.97 2.81 0.89
141.9626 2.50 3.77 0.42 1.05 0.85 0.89 333.75 44.69 3.34 0.85
time[sec] P_G1 [KPa] P_D1 [KPa] P_S1 [KPa] P_G2 [KPa] P_D2 [KPa] P_Act [KPa] Q1 [M^3/s] Q2 [M^3/s] P_DS1 [KPa] P_DS2 [KPa]
10 07 19 20:42:47
21.7180 0.50 0.64 0.54 1.56 1.40 1.44 477.90 83.09 0.10 1.40
52.4466 0.50 0.64 0.53 1.55 1.45 1.47 414.22 44.60 0.11 1.45
81.9544 0.64 0.54 0.50 1.50 1.42 1.47 395.28 45.21 0.05 1.42
111.9572 0.64 0.50 0.40 1.58 1.44 1.44 378.18 54.99 0.09 1.44
142.6146 0.68 0.51 0.49 1.53 1.36 1.40 374.71 59.19 0.03 1.36
time[sec] P_G1 [KPa] P_D1 [KPa] P_S1 [KPa] P_G2 [KPa] P_D2 [KPa] P_Act [KPa] Q1 [M^3/s] Q2 [M^3/s] P_DS1 [KPa] P_DS2 [KPa]
10 07 19 20:51:35
21.9576 -0.01 0.73 0.60 1.55 1.41 1.39 500.63 94.96 0.13 1.41
51.9250 0.12 0.75 0.56 1.58 1.39 1.45 452.10 51.32 0.19 1.39
81.9412 0.32 0.78 0.62 1.60 1.39 1.41 404.97 43.29 0.16 1.39
111.9158 0.67 0.89 0.55 1.53 1.37 1.35 407.07 63.54 0.34 1.37
141.9433 0.76 1.01 0.51 1.55 1.39 1.39 416.84 63.54 0.50 1.39
