time[sec] P_G1 [Psi] P_D1 [Psi] P_S1 [Psi] P_G2 [Psi] P_D2 [Psi] P_Act [Psi] Q1 [ml/min] Q2 [ml/min] P_DS1 [Psi] P_DS2 [Psi]
11 06 19 22:40:05
18.5530 -0.15 0.26 0.60 7.23 15.15 0.14 30.95 34.21 -0.33 15.15
51.4964 -0.21 0.29 0.66 6.87 13.80 0.09 26.39 26.39 -0.38 13.80
81.8590 2.17 3.36 0.58 6.89 13.62 0.04 11.00 9.78 2.78 13.62
113.3608 2.52 3.70 0.54 6.17 14.06 -0.02 14.66 13.44 3.16 14.06
138.8710 2.70 3.95 0.54 7.80 14.12 -0.11 7.33 13.44 3.41 14.12
172.6728 2.99 4.02 0.56 6.57 14.15 0.04 8.80 33.24 3.45 14.15
201.8629 3.16 4.21 0.58 7.43 14.21 0.05 19.55 8.38 3.63 14.21
230.6700 3.39 4.34 0.66 6.72 14.78 0.01 11.73 11.73 3.68 14.78
262.5625 3.54 4.60 0.66 6.64 13.92 0.08 17.11 16.29 3.94 13.92
293.8516 3.69 4.67 0.61 5.97 13.98 0.01 6.84 13.69 4.05 13.98
319.8812 3.92 4.84 0.56 6.42 14.33 0.09 12.71 29.33 4.28 14.33
347.8810 4.18 5.02 0.64 0.22 0.64 0.35 16.29 13.03 4.38 0.64
381.8802 4.33 5.05 0.58 0.26 0.58 0.48 23.22 36.66 4.47 0.58
time[sec] P_G1 [Psi] P_D1 [Psi] P_S1 [Psi] P_G2 [Psi] P_D2 [Psi] P_Act [Psi] Q1 [ml/min] Q2 [ml/min] P_DS1 [Psi] P_DS2 [Psi]
11 06 19 22:47:01
22.5568 -0.09 5.52 1.31 0.18 0.55 0.35 597.91 30.95 4.21 0.55
53.0706 -0.11 5.47 1.36 0.26 0.56 0.39 580.65 30.30 4.10 0.56
81.4642 4.24 5.57 1.34 0.21 0.56 0.31 581.62 11.73 4.23 0.56
114.5297 4.43 5.81 1.39 0.26 0.55 0.39 594.66 11.40 4.42 0.55
141.4686 5.74 7.57 1.56 0.29 0.54 0.29 572.83 14.66 6.01 0.54
170.3570 6.39 9.77 0.89 0.20 0.64 0.29 565.74 13.44 8.88 0.64
201.2323 6.85 9.86 0.81 0.30 0.51 0.35 575.11 22.81 9.05 0.51
231.8695 7.71 11.90 0.83 0.23 0.54 0.36 564.52 21.99 11.07 0.54
262.3016 7.75 12.15 0.81 0.16 0.56 0.34 605.08 15.64 11.34 0.56
289.8797 7.85 12.19 0.93 0.18 0.64 0.30 607.69 14.66 11.26 0.64
325.8603 8.02 12.48 0.81 0.26 0.64 0.35 645.16 14.66 11.68 0.64
351.8877 8.40 12.90 0.76 0.30 0.64 0.22 612.58 14.66 12.14 0.64
383.0836 9.02 13.60 0.81 0.16 0.61 0.29 634.41 25.42 12.79 0.61
time[sec] P_G1 [Psi] P_D1 [Psi] P_S1 [Psi] P_G2 [Psi] P_D2 [Psi] P_Act [Psi] Q1 [ml/min] Q2 [ml/min] P_DS1 [Psi] P_DS2 [Psi]
11 06 19 22:53:56
21.0904 -0.01 16.93 2.84 0.21 0.56 0.34 2043.99 30.30 14.09 0.56
50.6674 -0.09 16.88 2.82 0.24 0.56 0.36 2043.99 25.42 14.06 0.56
79.8670 10.48 16.78 2.72 0.26 0.55 0.26 2046.27 11.40 14.06 0.55
111.8702 12.31 17.03 2.80 0.17 0.54 0.29 2051.56 8.55 14.23 0.54
140.8758 12.69 17.78 2.85 0.18 0.60 0.26 2052.79 13.03 14.93 0.60
172.8822 6.10 27.04 2.95 0.28 0.55 0.30 1985.99 9.78 24.09 0.55
201.8863 30.13 34.78 0.43 0.24 0.62 0.51 1903.71 21.99 34.35 0.62
230.3932 33.95 38.46 0.39 0.26 0.64 0.48 1867.06 18.33 38.07 0.64
262.8700 33.89 38.33 0.48 0.33 0.58 0.39 1868.28 12.22 37.85 0.58
291.8653 33.33 36.74 0.42 0.36 0.67 0.48 1881.72 15.88 36.32 0.67
321.4838 34.15 37.60 0.41 0.24 0.64 0.46 1885.63 7.82 37.19 0.64
350.8573 35.44 38.82 0.41 0.24 0.62 0.43 1874.39 13.03 38.41 0.62
378.8713 35.02 38.46 0.39 0.33 0.64 0.51 1870.72 23.22 38.07 0.64
time[sec] P_G1 [Psi] P_D1 [Psi] P_S1 [Psi] P_G2 [Psi] P_D2 [Psi] P_Act [Psi] Q1 [ml/min] Q2 [ml/min] P_DS1 [Psi] P_DS2 [Psi]
11 06 19 23:04:18
21.8406 0.16 31.49 5.98 0.26 0.64 0.50 2666.53 29.33 25.51 0.64
52.8595 0.33 31.15 5.94 0.35 0.66 0.53 2669.44 25.25 25.21 0.66
83.0656 10.65 31.37 5.92 0.29 0.56 0.54 2653.96 15.64 25.45 0.56
109.9080 16.11 31.21 5.98 0.30 0.64 0.51 2653.96 14.66 25.23 0.64
141.8926 21.02 31.26 5.89 0.32 0.66 0.51 2651.86 18.15 25.36 0.66
170.5513 25.79 31.79 6.06 0.22 0.60 0.43 2636.04 14.66 25.73 0.60
203.2253 30.63 35.13 6.98 0.22 0.64 0.55 2564.35 9.78 28.15 0.64
226.9040 34.86 40.87 1.70 0.33 0.64 0.58 2350.93 14.66 39.16 0.64
261.4872 37.92 41.70 1.44 0.31 0.61 0.54 2349.95 13.69 40.26 0.61
293.0646 39.15 41.75 1.34 0.31 0.59 0.51 2338.22 13.69 40.41 0.59
321.8880 30.04 34.94 5.64 0.35 0.62 0.51 2528.51 28.51 29.30 0.62
348.8885 29.29 34.61 6.36 0.26 0.64 0.54 2563.54 14.66 28.25 0.64
382.2143 29.04 34.40 6.33 0.28 0.62 0.45 2561.09 15.48 28.07 0.62
time[sec] P_G1 [Psi] P_D1 [Psi] P_S1 [Psi] P_G2 [Psi] P_D2 [Psi] P_Act [Psi] Q1 [ml/min] Q2 [ml/min] P_DS1 [Psi] P_DS2 [Psi]
11 06 19 23:11:32
22.5355 0.01 35.67 6.67 0.33 0.64 0.43 3443.30 33.40 29.01 0.64
52.2770 0.01 35.67 6.59 0.29 0.56 0.49 3443.79 32.26 29.08 0.56
82.6774 10.85 35.40 6.57 0.26 0.61 0.51 3432.06 16.62 28.83 0.61
113.8618 15.98 35.35 6.62 0.31 0.64 0.51 3434.02 13.69 28.73 0.64
143.8770 20.61 35.50 6.57 0.31 0.54 0.51 3434.02 46.92 28.93 0.54
169.8903 25.95 35.96 6.77 0.30 0.55 0.51 3422.94 11.40 29.20 0.55
201.8658 30.54 37.19 7.19 0.35 0.58 0.49 3367.55 11.40 30.01 0.58
231.8652 33.60 39.78 7.52 0.36 0.66 0.54 3258.06 13.69 32.26 0.66
262.2700 33.47 39.70 7.57 0.31 0.59 0.51 3246.33 40.08 32.13 0.59
291.3710 33.83 39.90 7.71 0.29 0.64 0.51 3233.14 13.44 32.19 0.64
323.3798 33.83 39.99 7.68 0.33 0.58 0.54 3241.69 17.11 32.31 0.58
355.8607 33.75 39.80 7.60 0.30 0.72 0.55 3233.95 17.92 32.20 0.72
381.8888 33.75 39.85 7.62 0.31 0.61 0.51 3237.54 15.64 32.23 0.61
