time[sec] P_G1 [KPa] P_D1 [KPa] P_S1 [KPa] P_G2 [KPa] P_D2 [KPa] P_Act [KPa] Q1 [M^3/s] Q2 [M^3/s] P_DS1 [KPa] P_DS2 [KPa]
07 16 19 09:22:14
0.2635 -4.58 -1.97 -2.84 -3.71 -3.71 -4.58 0.09 0.00 0.87 -3.71
0.3971 -3.71 -1.97 -1.97 -3.71 0.64 -3.71 0.00 0.00 0.00 0.64
0.5283 11.94 -1.97 -1.97 -3.71 22.37 -4.58 0.00 0.00 0.00 22.37
0.6510 29.33 -1.10 -1.97 -2.84 41.50 -3.71 0.00 0.00 0.87 41.50
0.7794 46.72 -1.97 -1.97 -2.84 62.37 -3.71 0.01 0.00 0.00 62.37
0.9269 62.37 -1.97 -1.97 -2.84 82.37 -3.71 0.07 0.00 0.00 82.37
1.0500 76.28 -1.97 -1.97 -2.84 98.01 -4.58 0.00 0.00 0.00 98.01
1.1681 86.71 -1.97 -1.97 -2.84 111.06 -5.45 0.00 0.00 0.00 111.06
1.2920 95.41 -1.97 -2.84 -4.58 123.23 -4.58 0.00 0.07 0.87 123.23
1.4202 104.10 -1.10 -1.97 -3.71 134.53 -4.58 0.00 0.00 0.87 134.53
1.5398 111.93 -1.97 -1.97 -2.84 144.09 -3.71 0.00 0.00 0.00 144.09
1.6646 118.01 -1.97 -2.84 -3.71 151.05 -3.71 0.00 0.02 0.87 151.05
1.7921 123.23 -1.97 -1.97 -2.84 158.87 -4.58 0.00 0.00 0.00 158.87
1.9144 129.31 -1.97 -3.71 -3.71 164.09 -3.71 0.00 0.00 1.74 164.09
2.0364 132.79 -1.10 -1.97 -3.71 169.31 -3.71 0.09 0.02 0.87 169.31
2.1630 136.27 -1.97 -2.84 -3.71 172.79 -4.58 0.00 0.00 0.87 172.79
2.2865 139.75 -1.97 -2.84 -3.71 176.26 -3.71 0.00 0.00 0.87 176.26
2.4098 142.36 -1.97 -2.84 -3.71 179.74 -3.71 0.02 0.00 0.87 179.74
2.5498 144.96 -1.97 -1.97 -3.71 182.35 -3.71 0.00 0.00 0.00 182.35
2.6686 145.83 -1.97 -2.84 -3.71 184.09 -3.71 0.00 0.00 0.87 184.09
2.7906 148.44 -1.97 -2.84 -3.71 184.96 -3.71 0.00 0.00 0.87 184.96
2.9145 149.31 -1.97 -2.84 -3.71 186.70 -4.58 0.00 0.00 0.87 186.70
3.0426 150.18 -2.84 -1.97 -3.71 188.44 -4.58 0.00 0.10 -0.87 188.44
3.1796 151.92 -2.84 -2.84 -3.71 188.44 -4.58 0.00 0.00 0.00 188.44
3.3069 151.92 -1.97 -2.84 -3.71 189.30 -4.58 0.00 0.00 0.87 189.30
3.4390 151.05 -1.97 -2.84 -4.58 189.30 -4.58 0.00 0.00 0.87 189.30
3.5634 150.18 -1.97 -2.84 -4.58 190.17 -3.71 0.00 0.00 0.87 190.17
3.6863 149.31 -1.97 -2.84 -4.58 190.17 -4.58 0.00 0.00 0.87 190.17
3.8101 148.44 -1.97 -2.84 -3.71 191.04 -4.58 0.00 0.00 0.87 191.04
3.9301 148.44 -1.10 -2.84 -3.71 191.04 -4.58 0.00 0.00 1.74 191.04
4.0526 148.44 -1.97 -2.84 -3.71 191.04 -4.58 0.00 0.00 0.87 191.04
4.1748 148.44 -1.97 -1.97 -3.71 191.04 -4.58 0.00 0.00 0.00 191.04
4.2997 148.44 -1.97 -1.97 -3.71 191.04 -4.58 0.00 0.00 0.00 191.04
4.4352 147.57 -1.97 -2.84 -3.71 191.04 -4.58 0.00 0.00 0.87 191.04
4.5642 148.44 -1.97 -3.71 -3.71 191.04 -4.58 0.00 0.02 1.74 191.04
4.6832 148.44 -1.97 -2.84 -3.71 191.04 -4.58 0.00 0.00 0.87 191.04
4.8055 148.44 -1.97 -2.84 -3.71 191.04 -4.58 0.01 0.00 0.87 191.04
4.9239 148.44 -1.10 -2.84 -3.71 191.04 -4.58 0.00 0.02 1.74 191.04
5.0467 149.31 -1.97 -2.84 -3.71 191.91 -4.58 0.00 0.00 0.87 191.91
5.1709 149.31 -2.84 -2.84 -4.58 191.04 -4.58 0.00 0.00 0.00 191.04
5.2885 149.31 -1.97 -2.84 -3.71 191.04 -4.58 0.00 0.02 0.87 191.04
5.4119 149.31 -1.97 -2.84 -3.71 191.91 -3.71 0.03 0.00 0.87 191.91
5.5387 150.18 -1.97 -2.84 -4.58 191.04 -4.58 0.00 0.02 0.87 191.04
5.6606 150.18 -1.97 -2.84 -3.71 191.04 -3.71 0.00 0.00 0.87 191.04
5.7800 149.31 -2.84 -2.84 -3.71 191.04 -4.58 0.00 0.00 0.00 191.04
5.8979 149.31 -1.97 -2.84 -4.58 191.04 -4.58 0.00 0.00 0.87 191.04
6.0168 149.31 -1.97 -2.84 -3.71 191.04 -4.58 0.02 0.00 0.87 191.04
6.1451 150.18 -1.97 -2.84 -4.58 191.91 -4.58 0.00 0.00 0.87 191.91
6.2678 150.18 -1.10 -2.84 -2.84 191.04 -4.58 0.00 0.00 1.74 191.04
6.3907 151.05 -1.97 -2.84 -3.71 191.04 -4.58 0.00 0.00 0.87 191.04
6.5220 151.05 -1.97 -2.84 -3.71 191.04 -4.58 0.00 0.09 0.87 191.04
6.6406 151.05 -1.97 -2.84 -3.71 191.91 -4.58 0.00 0.00 0.87 191.91
6.7583 151.05 -1.97 -1.97 -3.71 191.04 -4.58 0.02 0.00 0.00 191.04
6.8830 151.92 -1.97 -3.71 -4.58 191.91 -4.58 0.00 0.00 1.74 191.91
7.0048 151.92 -1.97 -2.84 -3.71 191.04 -4.58 0.00 0.00 0.87 191.04
7.1259 151.92 -1.97 -2.84 -3.71 191.04 -4.58 0.00 0.00 0.87 191.04
7.2462 151.92 -1.97 -1.97 -3.71 191.04 -4.58 0.00 0.00 0.00 191.04
7.3700 151.92 -1.97 -2.84 -3.71 191.04 -3.71 0.00 0.00 0.87 191.04
7.4959 151.92 -1.97 -2.84 -4.58 191.91 -4.58 0.00 0.00 0.87 191.91
7.6239 151.92 -1.97 -2.84 -3.71 191.04 -4.58 0.00 0.00 0.87 191.04
7.7466 151.92 -1.97 -2.84 -3.71 191.04 -4.58 0.00 0.00 0.87 191.04
7.8819 151.92 -1.97 -1.97 -3.71 190.17 -3.71 0.00 0.00 0.00 190.17
8.0035 151.92 -1.97 -2.84 -3.71 191.04 -3.71 0.08 0.00 0.87 191.04
8.1237 151.92 -1.10 -2.84 -3.71 191.04 -5.45 0.02 0.00 1.74 191.04
8.2509 151.92 -1.10 -2.84 -3.71 191.04 -4.58 0.00 0.00 1.74 191.04
8.3719 151.92 -1.97 -2.84 -4.58 190.17 -4.58 0.00 0.00 0.87 190.17
8.4997 151.92 -1.97 -1.97 -3.71 190.17 -4.58 0.00 0.00 0.00 190.17
8.6244 152.79 -1.97 -2.84 -3.71 191.91 -3.71 0.00 0.00 0.87 191.91
8.7426 151.92 -1.97 -2.84 -4.58 191.04 -3.71 0.00 0.07 0.87 191.04
8.8642 151.05 -1.97 -2.84 -3.71 191.04 -4.58 0.00 0.09 0.87 191.04
8.9881 151.92 -1.97 -2.84 -3.71 191.04 -4.58 0.00 0.00 0.87 191.04
9.1186 151.92 -1.97 -1.97 -3.71 191.04 -4.58 0.09 0.00 0.00 191.04
9.2424 152.79 -1.97 -2.84 -3.71 191.04 -3.71 0.00 0.03 0.87 191.04
9.3633 151.92 -1.97 -1.97 -3.71 191.04 -4.58 0.00 0.00 0.00 191.04
9.4860 151.92 -1.97 -2.84 -4.58 191.04 -4.58 0.00 0.00 0.87 191.04
9.6108 151.92 -1.97 -2.84 -3.71 191.04 -3.71 0.01 0.00 0.87 191.04
9.7346 151.92 1.51 -1.97 -3.71 191.04 -4.58 0.00 0.02 3.48 191.04
9.8547 151.05 5.86 -1.97 -3.71 191.91 -4.58 0.00 0.00 7.82 191.91
9.9778 151.92 8.46 -2.84 -4.58 191.04 -4.58 0.09 0.00 11.30 191.04
10.1017 151.92 11.94 -2.84 -3.71 191.04 -4.58 0.00 0.00 14.78 191.04
10.2277 151.92 14.55 -2.84 -3.71 191.04 -3.71 0.00 0.00 17.39 191.04
10.3475 151.92 17.16 -2.84 -3.71 191.04 -3.71 0.00 0.00 20.00 191.04
10.4708 151.92 19.77 -2.84 -4.58 191.04 -3.71 0.08 0.02 22.61 191.04
10.5942 151.92 21.51 -2.84 -3.71 191.04 -4.58 0.06 0.00 24.34 191.04
10.7125 151.92 24.11 -2.84 -4.58 191.04 -4.58 0.00 0.00 26.95 191.04
10.8334 151.92 26.72 -1.97 -4.58 191.04 -3.71 0.00 0.00 28.69 191.04
10.9578 151.92 27.59 -2.84 -3.71 191.91 -4.58 0.00 0.00 30.43 191.91
11.0807 151.92 29.33 -2.84 -3.71 191.04 -4.58 0.00 0.00 32.17 191.04
11.1994 151.92 31.07 -2.84 -3.71 191.04 -4.58 0.00 0.00 33.91 191.04
11.3177 151.92 31.94 -2.84 -3.71 191.04 -4.58 0.01 0.00 34.78 191.04
11.4414 151.05 33.68 -2.84 -4.58 191.04 -3.71 0.00 0.01 36.52 191.04
11.5559 151.92 38.89 -2.84 -4.58 191.04 -3.71 0.00 0.00 41.73 191.04
11.6794 151.92 39.76 -2.84 -3.71 191.04 -3.71 0.08 0.00 42.60 191.04
11.8015 151.92 43.24 -2.84 -4.58 191.04 -4.58 0.00 0.00 46.08 191.04
11.9277 151.92 44.98 -2.84 -4.58 191.04 -3.71 0.01 0.00 47.82 191.04
12.0516 151.92 45.85 -2.84 -3.71 191.04 -4.58 0.00 0.00 48.69 191.04
12.1742 151.05 52.80 -2.84 -3.71 191.04 -4.58 0.00 0.03 55.64 191.04
12.2936 152.79 53.67 -2.84 -3.71 191.04 -4.58 0.02 0.00 56.51 191.04
12.4164 151.92 53.67 -1.97 -3.71 191.04 -4.58 0.00 0.07 55.64 191.04
12.5452 151.05 55.41 -1.97 -3.71 190.17 -4.58 0.00 0.02 57.38 190.17
12.6739 151.92 62.37 -2.84 -3.71 191.04 -4.58 0.00 0.08 65.21 191.04
12.7973 151.92 63.24 -2.84 -3.71 191.04 -4.58 0.00 0.00 66.08 191.04
12.9242 151.92 63.24 -2.84 -3.71 191.04 -4.58 0.00 0.00 66.08 191.04
13.0513 151.92 63.24 -2.84 -3.71 190.17 -4.58 0.00 0.08 66.08 190.17
13.1726 151.92 67.58 -1.97 -3.71 191.04 -4.58 0.00 0.00 69.55 191.04
13.2968 151.92 68.45 -2.84 -3.71 191.04 -3.71 0.00 0.00 71.29 191.04
13.4180 151.92 69.32 -2.84 -2.84 191.04 -4.58 0.07 0.00 72.16 191.04
13.5379 151.92 69.32 -2.84 -3.71 190.17 -4.58 0.00 0.00 72.16 190.17
13.6620 151.92 72.80 -1.97 -3.71 191.04 -4.58 0.02 0.00 74.77 191.04
13.7841 151.92 74.54 -2.84 -3.71 191.04 -4.58 0.00 0.00 77.38 191.04
13.9033 151.92 74.54 -3.71 -3.71 191.04 -3.71 0.02 0.08 78.25 191.04
14.0219 151.92 74.54 -3.71 -3.71 191.04 -4.58 0.00 0.00 78.25 191.04
14.1442 151.92 79.76 -2.84 -3.71 191.04 -4.58 0.01 0.00 82.60 191.04
14.2666 151.92 79.76 -1.97 -3.71 191.91 -4.58 0.00 0.00 81.73 191.91
14.3906 151.92 79.76 -1.97 -3.71 191.04 -4.58 0.00 0.00 81.73 191.04
14.5160 151.92 81.50 -1.97 -3.71 191.04 -4.58 0.00 0.00 83.47 191.04
14.6379 151.92 85.84 -1.97 -3.71 191.04 -4.58 0.00 0.00 87.81 191.04
14.7592 151.92 85.84 -1.97 -2.84 191.04 -4.58 0.00 0.01 87.81 191.04
14.8814 151.05 84.97 -1.97 -2.84 191.04 -4.58 0.00 0.08 86.94 191.04
15.0041 151.92 88.45 -1.97 -2.84 191.04 -4.58 0.09 0.00 90.42 191.04
15.1273 151.05 89.32 -1.97 -2.84 191.04 -4.58 0.04 0.00 91.29 191.04
15.2487 151.92 88.45 -1.97 -3.71 191.04 -4.58 0.00 0.07 90.42 191.04
15.3708 151.92 89.32 -1.10 -2.84 191.04 -4.58 0.00 0.00 90.42 191.04
15.5002 151.92 94.54 -1.10 -2.84 190.17 -4.58 0.00 0.00 95.64 190.17
15.6238 152.79 94.54 -0.23 -1.97 191.04 -4.58 0.00 0.02 94.77 191.04
15.7492 151.92 94.54 -1.97 -1.97 190.17 -3.71 0.00 0.00 96.51 190.17
15.8745 151.92 94.54 -0.23 -1.10 191.04 -4.58 0.00 0.00 94.77 191.04
16.0002 151.92 95.41 -1.10 -1.10 190.17 -4.58 0.00 0.00 96.51 190.17
16.1209 151.92 97.15 -0.23 -1.10 191.04 -4.58 0.00 0.00 97.38 191.04
16.2454 151.92 98.01 0.64 -1.10 191.04 -3.71 0.00 0.00 97.38 191.04
16.3668 151.92 98.01 0.64 -1.10 190.17 -4.58 0.00 0.00 97.38 190.17
16.5114 151.92 98.01 0.64 -1.97 191.04 -4.58 0.00 0.00 97.38 191.04
16.6336 151.05 98.01 0.64 -0.23 190.17 -4.58 0.00 0.08 97.38 190.17
16.7561 151.92 98.88 1.51 -0.23 191.04 -4.58 0.02 0.00 97.38 191.04
16.8804 151.92 99.75 1.51 -1.10 191.04 -4.58 0.00 0.00 98.25 191.04
17.0028 151.92 100.62 0.64 -1.10 190.17 -4.58 0.01 0.00 99.98 190.17
17.1206 151.05 101.49 1.51 0.64 190.17 -4.58 0.00 0.00 99.98 190.17
17.2447 151.92 100.62 1.51 0.64 190.17 -4.58 0.00 0.00 99.11 190.17
17.3595 151.92 101.49 1.51 0.64 190.17 -4.58 0.06 0.00 99.98 190.17
17.4868 151.92 100.62 2.38 0.64 190.17 -3.71 0.00 0.00 98.25 190.17
17.6103 151.92 100.62 2.38 0.64 191.04 -4.58 0.00 0.00 98.25 191.04
17.7365 151.92 102.36 2.38 0.64 190.17 -3.71 0.07 0.00 99.98 190.17
17.8591 151.92 102.36 2.38 0.64 190.17 -3.71 0.02 0.00 99.98 190.17
17.9820 151.05 101.49 2.38 0.64 190.17 -4.58 0.00 0.00 99.11 190.17
18.1022 151.05 101.49 3.25 1.51 190.17 -4.58 0.00 0.00 98.25 190.17
18.2240 151.92 102.36 2.38 1.51 191.04 -4.58 0.00 0.07 99.98 191.04
18.3449 151.92 102.36 2.38 1.51 191.04 -4.58 0.00 0.00 99.98 191.04
18.4775 151.05 101.49 3.25 1.51 191.04 -4.58 0.00 0.00 98.25 191.04
18.6001 151.05 102.36 2.38 1.51 190.17 -4.58 0.00 0.00 99.98 190.17
18.7238 151.92 102.36 2.38 1.51 191.04 -4.58 0.00 0.00 99.98 191.04
18.8452 151.05 103.23 3.25 1.51 190.17 -4.58 0.00 0.00 99.98 190.17
18.9688 151.92 102.36 3.25 1.51 190.17 -4.58 0.00 0.00 99.11 190.17
19.0911 151.05 102.36 3.25 1.51 191.04 -4.58 0.00 0.00 99.11 191.04
19.2144 151.05 102.36 4.12 1.51 190.17 -3.71 0.00 0.00 98.25 190.17
19.3335 151.05 102.36 3.25 2.38 190.17 -3.71 0.00 0.00 99.11 190.17
19.4605 151.92 103.23 3.25 2.38 191.04 -2.84 0.09 0.00 99.98 191.04
19.5836 151.05 103.23 3.25 2.38 190.17 -4.58 0.00 0.00 99.98 190.17
19.7063 151.92 104.10 3.25 2.38 190.17 -4.58 0.00 0.02 100.85 190.17
19.8287 151.92 103.23 3.25 2.38 190.17 -3.71 0.02 0.00 99.98 190.17
19.9517 151.92 103.23 4.12 3.25 190.17 -3.71 0.00 0.00 99.11 190.17
20.0757 151.05 103.23 3.25 2.38 191.04 -4.58 0.00 0.07 99.98 191.04
20.1980 151.05 103.23 4.99 2.38 190.17 -3.71 0.00 0.00 98.25 190.17
20.3195 151.05 102.36 4.12 3.25 190.17 -3.71 0.09 0.00 98.25 190.17
20.4487 151.05 102.36 4.12 3.25 190.17 -4.58 0.00 0.00 98.25 190.17
20.5674 151.05 102.36 4.12 2.38 190.17 -4.58 0.00 0.00 98.25 190.17
20.6893 151.05 103.23 4.12 2.38 190.17 -4.58 0.00 0.07 99.11 190.17
20.8107 151.92 103.23 4.12 2.38 190.17 -4.58 0.00 0.00 99.11 190.17
20.9315 151.05 102.36 4.12 2.38 189.30 -4.58 0.00 0.00 98.25 189.30
21.0498 151.92 104.10 4.12 2.38 190.17 -4.58 0.00 0.00 99.98 190.17
21.1723 151.05 102.36 4.12 2.38 190.17 -4.58 0.00 0.02 98.25 190.17
21.2934 151.92 103.23 4.12 3.25 190.17 -3.71 0.00 0.00 99.11 190.17
21.4157 151.05 103.23 4.12 2.38 190.17 -3.71 0.00 0.00 99.11 190.17
21.5455 151.92 103.23 4.12 3.25 191.04 -2.84 0.01 0.00 99.11 191.04
21.6688 151.05 103.23 4.12 2.38 190.17 -3.71 0.00 0.00 99.11 190.17
21.7911 151.92 103.23 4.12 3.25 190.17 -3.71 0.00 0.00 99.11 190.17
21.9128 151.05 102.36 3.25 2.38 190.17 -4.58 0.00 0.00 99.11 190.17
22.0361 151.05 102.36 4.12 2.38 190.17 -5.45 0.08 0.00 98.25 190.17
22.1584 151.92 102.36 4.12 2.38 190.17 -3.71 0.00 0.00 98.25 190.17
22.2816 151.05 102.36 4.12 2.38 190.17 -4.58 0.00 0.00 98.25 190.17
22.4013 151.05 102.36 4.12 2.38 190.17 -3.71 0.01 0.00 98.25 190.17
22.5353 151.92 103.23 4.12 2.38 190.17 -4.58 0.00 0.00 99.11 190.17
22.6550 151.05 102.36 4.12 2.38 190.17 -4.58 0.00 0.02 98.25 190.17
22.7786 151.05 102.36 3.25 2.38 190.17 -3.71 0.00 0.00 99.11 190.17
22.9007 151.05 101.49 4.12 3.25 190.17 -4.58 0.00 0.00 97.38 190.17
23.0240 151.92 102.36 4.99 2.38 190.17 -4.58 0.00 0.00 97.38 190.17
23.1467 151.05 102.36 4.12 2.38 190.17 -3.71 0.00 0.00 98.25 190.17
23.2653 151.92 102.36 4.12 3.25 190.17 -3.71 0.00 0.00 98.25 190.17
23.3879 151.05 102.36 4.12 3.25 191.04 -4.58 0.00 0.01 98.25 191.04
23.5146 151.05 103.23 4.12 2.38 189.30 -3.71 0.00 0.00 99.11 189.30
23.6386 151.05 102.36 4.12 2.38 190.17 -4.58 0.00 0.07 98.25 190.17
23.7574 151.92 102.36 4.12 2.38 190.17 -5.45 0.00 0.00 98.25 190.17
23.8804 151.05 103.23 4.12 3.25 190.17 -3.71 0.00 0.00 99.11 190.17
24.0030 151.92 103.23 4.12 2.38 190.17 -4.58 0.05 0.00 99.11 190.17
24.1214 151.92 103.23 4.12 2.38 191.04 -4.58 0.00 0.00 99.11 191.04
24.2426 151.92 103.23 4.12 2.38 191.04 -3.71 0.00 0.00 99.11 191.04
24.3634 151.92 103.23 4.12 2.38 190.17 -4.58 0.00 0.00 99.11 190.17
24.4944 151.92 102.36 4.99 3.25 191.04 -3.71 0.08 0.00 97.38 191.04
24.6156 151.05 102.36 4.12 2.38 190.17 -4.58 0.00 0.07 98.25 190.17
24.7389 151.92 102.36 3.25 3.25 191.04 -4.58 0.00 0.05 99.11 191.04
24.8633 151.05 102.36 3.25 2.38 190.17 -3.71 0.00 0.00 99.11 190.17
24.9765 151.92 103.23 4.99 2.38 190.17 -4.58 0.08 0.00 98.25 190.17
25.1045 151.05 102.36 4.12 3.25 190.17 -3.71 0.00 0.00 98.25 190.17
25.2328 151.92 102.36 4.12 2.38 190.17 -3.71 0.00 0.00 98.25 190.17
25.3546 151.92 103.23 3.25 3.25 190.17 -4.58 0.00 0.00 99.98 190.17
25.4775 151.92 103.23 4.12 3.25 190.17 -4.58 0.06 0.00 99.11 190.17
25.6008 151.92 103.23 4.12 2.38 190.17 -4.58 0.00 0.00 99.11 190.17
25.7284 151.92 102.36 4.12 3.25 190.17 -4.58 0.00 0.00 98.25 190.17
25.8542 151.05 103.23 4.12 2.38 190.17 -4.58 0.02 0.00 99.11 190.17
25.9740 151.92 103.23 4.12 3.25 190.17 -4.58 0.02 0.00 99.11 190.17
26.0916 151.05 103.23 4.12 3.25 190.17 -4.58 0.02 0.00 99.11 190.17
26.2181 151.05 102.36 4.12 3.25 190.17 -4.58 0.00 0.00 98.25 190.17
26.3403 151.05 102.36 4.12 3.25 190.17 -4.58 0.00 0.07 98.25 190.17
26.4729 151.05 102.36 4.12 3.25 190.17 -4.58 0.00 0.00 98.25 190.17
26.5955 151.05 103.23 4.12 2.38 190.17 -4.58 0.07 0.00 99.11 190.17
26.7214 151.05 103.23 4.12 3.25 190.17 -4.58 0.00 0.00 99.11 190.17
26.8454 151.05 103.23 4.12 3.25 190.17 -3.71 0.04 0.00 99.11 190.17
26.9642 151.05 103.23 4.12 3.25 190.17 -4.58 0.01 0.00 99.11 190.17
27.0849 151.92 102.36 3.25 2.38 191.04 -4.58 0.00 0.00 99.11 191.04
27.2026 151.05 103.23 4.12 3.25 190.17 -3.71 0.08 0.00 99.11 190.17
27.3184 151.05 102.36 4.12 2.38 191.04 -4.58 0.00 0.00 98.25 191.04
27.4467 151.05 102.36 4.12 2.38 190.17 -4.58 0.00 0.00 98.25 190.17
27.5670 151.92 102.36 4.12 2.38 190.17 -4.58 0.00 0.00 98.25 190.17
27.6875 151.92 102.36 4.12 3.25 190.17 -4.58 0.00 0.02 98.25 190.17
27.8113 151.05 102.36 4.12 2.38 190.17 -4.58 0.09 0.00 98.25 190.17
27.9350 151.05 103.23 4.12 3.25 190.17 -3.71 0.00 0.00 99.11 190.17
28.0536 151.92 103.23 4.12 2.38 190.17 -4.58 0.00 0.00 99.11 190.17
28.1771 151.05 103.23 4.12 3.25 190.17 -4.58 0.00 0.00 99.11 190.17
28.2961 151.92 103.23 4.12 2.38 190.17 -3.71 0.01 0.00 99.11 190.17
28.4139 151.92 103.23 4.12 2.38 191.04 -4.58 0.00 0.03 99.11 191.04
28.5405 151.05 103.23 4.12 3.25 190.17 -4.58 0.01 0.00 99.11 190.17
28.6630 151.92 102.36 4.12 2.38 191.04 -4.58 0.00 0.00 98.25 191.04
28.7835 151.05 102.36 4.12 2.38 190.17 -4.58 0.00 0.00 98.25 190.17
28.9045 151.05 102.36 4.12 2.38 190.17 -4.58 0.00 0.00 98.25 190.17
29.0243 151.92 103.23 4.12 2.38 190.17 -5.45 0.00 0.00 99.11 190.17
29.1478 151.92 103.23 4.12 2.38 190.17 -3.71 0.00 0.00 99.11 190.17
29.2687 151.92 102.36 4.12 3.25 190.17 -4.58 0.00 0.01 98.25 190.17
29.3901 151.05 102.36 4.12 2.38 189.30 -4.58 0.00 0.04 98.25 189.30
29.5163 151.05 102.36 4.12 2.38 190.17 -3.71 0.00 0.04 98.25 190.17
29.6347 150.18 102.36 3.25 3.25 191.04 -4.58 0.00 0.00 99.11 191.04
29.7537 151.05 102.36 4.12 3.25 190.17 -4.58 0.00 0.02 98.25 190.17
29.8761 151.92 101.49 4.12 3.25 190.17 -3.71 0.00 0.00 97.38 190.17
30.0029 151.05 103.23 4.12 2.38 190.17 -3.71 0.00 0.00 99.11 190.17
30.1298 151.05 102.36 4.12 1.51 190.17 -3.71 0.00 0.00 98.25 190.17
30.2534 129.31 101.49 5.86 4.12 190.17 -4.58 0.00 0.00 95.64 190.17
30.3701 110.19 100.62 8.46 6.72 191.04 -4.58 0.00 0.04 92.16 191.04
30.5060 95.41 100.62 15.42 14.55 190.17 -4.58 0.00 0.07 85.20 190.17
30.6267 79.76 99.75 31.07 30.20 190.17 -3.71 0.00 0.00 68.68 190.17
30.7486 68.45 86.71 77.15 74.54 190.17 -4.58 0.00 0.00 9.56 190.17
30.8700 58.89 102.36 101.49 100.62 189.30 -4.58 0.00 0.00 0.87 189.30
30.9923 49.33 102.36 102.36 99.75 189.30 -3.71 0.00 0.00 0.00 189.30
31.1137 40.63 102.36 102.36 99.75 190.17 -4.58 0.00 0.00 0.00 190.17
31.2361 32.81 102.36 101.49 99.75 190.17 -4.58 0.00 0.00 0.87 190.17
31.3553 27.59 102.36 101.49 98.88 190.17 -2.84 0.00 0.00 0.87 190.17
31.4806 21.51 102.36 101.49 99.75 190.17 -4.58 0.00 0.07 0.87 190.17
31.6040 16.29 102.36 101.49 99.75 190.17 -4.58 0.00 0.07 0.87 190.17
31.7264 12.81 102.36 101.49 99.75 190.17 -5.45 0.00 0.00 0.87 190.17
31.8481 9.33 102.36 101.49 99.75 190.17 -3.71 0.07 0.00 0.87 190.17
31.9737 6.72 103.23 102.36 99.75 190.17 -4.58 0.00 0.08 0.87 190.17
32.0907 4.99 102.36 101.49 99.75 190.17 -4.58 0.00 0.06 0.87 190.17
32.2152 2.38 102.36 102.36 99.75 190.17 -4.58 0.00 0.00 0.00 190.17
32.3385 1.51 101.49 101.49 99.75 190.17 -4.58 0.00 0.07 0.00 190.17
32.4681 0.64 102.36 101.49 99.75 190.17 -4.58 0.00 0.00 0.87 190.17
32.5920 -1.10 102.36 101.49 99.75 190.17 -4.58 0.02 0.00 0.87 190.17
32.7113 -1.97 102.36 102.36 99.75 190.17 -4.58 0.08 0.00 0.00 190.17
32.8336 -1.97 101.49 101.49 99.75 190.17 -4.58 0.00 0.07 0.00 190.17
32.9526 -2.84 102.36 102.36 99.75 190.17 -3.71 0.09 0.00 0.00 190.17
33.0750 -2.84 102.36 101.49 99.75 190.17 -3.71 0.00 0.00 0.87 190.17
33.1982 -4.58 102.36 101.49 99.75 190.17 -3.71 0.00 0.00 0.87 190.17
33.3203 -2.84 102.36 101.49 99.75 190.17 -4.58 0.04 0.00 0.87 190.17
33.4465 -4.58 103.23 101.49 99.75 190.17 -4.58 0.00 0.00 1.74 190.17
33.5713 -4.58 102.36 102.36 99.75 190.17 -4.58 0.00 0.00 0.00 190.17
33.6933 -4.58 102.36 101.49 99.75 190.17 -4.58 0.08 0.00 0.87 190.17
33.8131 -3.71 102.36 101.49 99.75 190.17 -4.58 0.00 0.00 0.87 190.17
33.9347 -4.58 102.36 101.49 99.75 190.17 -4.58 0.07 0.00 0.87 190.17
34.0582 -4.58 102.36 102.36 99.75 190.17 -4.58 0.00 0.00 0.00 190.17
34.1796 -4.58 102.36 102.36 98.88 191.04 -4.58 0.00 0.00 0.00 191.04
34.3030 -4.58 102.36 101.49 99.75 190.17 -4.58 0.00 0.00 0.87 190.17
34.4293 -4.58 103.23 101.49 99.75 190.17 -4.58 0.02 0.00 1.74 190.17
34.5516 -4.58 102.36 101.49 99.75 190.17 -4.58 0.00 0.00 0.87 190.17
34.6717 -4.58 102.36 101.49 99.75 190.17 -4.58 0.00 0.00 0.87 190.17
34.7951 -4.58 102.36 101.49 99.75 190.17 -3.71 0.00 0.00 0.87 190.17
34.9170 -4.58 101.49 101.49 99.75 190.17 -3.71 0.07 0.00 0.00 190.17
35.0372 -4.58 102.36 101.49 100.62 190.17 -4.58 0.00 0.02 0.87 190.17
35.1607 -4.58 102.36 101.49 99.75 190.17 -3.71 0.00 0.00 0.87 190.17
35.2840 -4.58 103.23 101.49 99.75 190.17 -4.58 0.00 0.00 1.74 190.17
35.4040 -4.58 102.36 101.49 99.75 190.17 -4.58 0.00 0.00 0.87 190.17
35.5412 -4.58 102.36 101.49 99.75 190.17 -4.58 0.02 0.00 0.87 190.17
35.6636 -4.58 102.36 101.49 99.75 190.17 -4.58 0.00 0.00 0.87 190.17
35.7901 -4.58 102.36 101.49 99.75 190.17 -4.58 0.00 0.08 0.87 190.17
35.9135 -6.32 102.36 102.36 99.75 190.17 -4.58 0.00 0.01 0.00 190.17
36.0355 -5.45 102.36 101.49 99.75 190.17 -4.58 0.06 0.00 0.87 190.17
36.1599 -4.58 103.23 101.49 98.88 190.17 -5.45 0.00 0.00 1.74 190.17
36.2860 -4.58 101.49 101.49 99.75 190.17 -4.58 0.00 0.00 0.00 190.17
36.4100 -4.58 102.36 101.49 99.75 190.17 -4.58 0.08 0.00 0.87 190.17
36.5302 -4.58 101.49 102.36 98.88 190.17 -4.58 0.00 0.00 -0.87 190.17
36.6468 -4.58 102.36 101.49 99.75 190.17 -4.58 0.00 0.08 0.87 190.17
36.7699 -4.58 101.49 101.49 99.75 190.17 -4.58 0.00 0.00 0.00 190.17
36.8930 -4.58 101.49 101.49 99.75 190.17 -4.58 0.01 0.00 0.00 190.17
37.0194 -4.58 101.49 101.49 99.75 190.17 -4.58 0.08 0.00 0.00 190.17
37.1460 -4.58 101.49 101.49 99.75 190.17 -4.58 0.01 0.04 0.00 190.17
37.2693 -4.58 102.36 102.36 99.75 190.17 -4.58 0.00 0.01 0.00 190.17
37.3886 -4.58 101.49 101.49 99.75 189.30 -4.58 0.00 0.00 0.00 189.30
37.5090 -3.71 102.36 102.36 99.75 190.17 -3.71 0.00 0.00 0.00 190.17
37.6292 -5.45 102.36 101.49 98.88 190.17 -3.71 0.00 0.00 0.87 190.17
37.7518 -4.58 102.36 102.36 100.62 190.17 -4.58 0.07 0.00 0.00 190.17
37.8745 -4.58 102.36 101.49 98.88 190.17 -4.58 0.11 0.00 0.87 190.17
37.9989 -4.58 102.36 101.49 99.75 190.17 -4.58 0.00 0.02 0.87 190.17
38.1191 -5.45 102.36 100.62 100.62 190.17 -4.58 0.00 0.00 1.74 190.17
38.2402 -4.58 102.36 101.49 99.75 190.17 -4.58 0.00 0.00 0.87 190.17
38.3614 -4.58 102.36 101.49 99.75 189.30 -4.58 0.00 0.00 0.87 189.30
38.4882 -4.58 102.36 101.49 99.75 190.17 -4.58 0.00 0.00 0.87 190.17
38.6117 -5.45 102.36 101.49 99.75 190.17 -4.58 0.00 0.00 0.87 190.17
38.7366 -4.58 101.49 102.36 99.75 190.17 -4.58 0.00 0.00 -0.87 190.17
38.8546 -4.58 102.36 101.49 99.75 190.17 -4.58 0.00 0.07 0.87 190.17
38.9781 -4.58 102.36 101.49 99.75 190.17 -3.71 0.00 0.00 0.87 190.17
39.0965 -4.58 102.36 101.49 100.62 190.17 -4.58 0.00 0.07 0.87 190.17
39.2155 -4.58 102.36 101.49 99.75 190.17 -4.58 0.00 0.00 0.87 190.17
39.3410 -4.58 102.36 101.49 99.75 190.17 -3.71 0.00 0.00 0.87 190.17
39.4693 -4.58 102.36 101.49 99.75 190.17 -3.71 0.00 0.00 0.87 190.17
39.5872 -4.58 101.49 100.62 99.75 190.17 -4.58 0.00 0.00 0.87 190.17
39.7152 -4.58 102.36 102.36 98.88 190.17 -3.71 0.00 0.09 0.00 190.17
39.8371 -4.58 102.36 101.49 98.88 190.17 -4.58 0.00 0.00 0.87 190.17
39.9604 -4.58 101.49 101.49 99.75 190.17 -4.58 0.00 0.00 0.00 190.17
40.0830 -4.58 102.36 101.49 99.75 190.17 -4.58 0.00 0.00 0.87 190.17
40.2059 -4.58 101.49 101.49 99.75 190.17 -4.58 0.00 0.02 0.00 190.17
40.3295 -4.58 101.49 101.49 99.75 190.17 -3.71 0.00 0.02 0.00 190.17
40.4554 -5.45 102.36 101.49 99.75 190.17 -4.58 0.00 0.00 0.87 190.17
40.5774 -4.58 102.36 102.36 99.75 190.17 -4.58 0.00 0.00 0.00 190.17
40.7002 -4.58 101.49 101.49 100.62 190.17 -5.45 0.00 0.00 0.00 190.17
40.8208 -4.58 102.36 101.49 98.88 190.17 -5.45 0.00 0.00 0.87 190.17
40.9425 -4.58 102.36 101.49 99.75 190.17 -4.58 0.04 0.00 0.87 190.17
41.0672 -4.58 101.49 101.49 99.75 190.17 -3.71 0.00 0.00 0.00 190.17
41.1875 -4.58 102.36 101.49 99.75 190.17 -4.58 0.00 0.00 0.87 190.17
41.3060 -4.58 102.36 101.49 99.75 190.17 -4.58 0.00 0.00 0.87 190.17
41.4257 -4.58 102.36 102.36 99.75 190.17 -4.58 0.00 0.09 0.00 190.17
41.5491 -4.58 100.62 101.49 98.88 190.17 -4.58 0.00 0.00 -0.87 190.17
41.6711 -4.58 101.49 100.62 99.75 190.17 -4.58 0.00 0.08 0.87 190.17
41.7953 -4.58 102.36 102.36 99.75 191.04 -4.58 0.00 0.03 0.00 191.04
41.9153 -4.58 101.49 101.49 99.75 190.17 -4.58 0.00 0.09 0.00 190.17
42.0377 -4.58 101.49 102.36 99.75 190.17 -4.58 0.00 0.00 -0.87 190.17
42.1545 -4.58 102.36 101.49 99.75 191.04 -4.58 0.00 0.09 0.87 191.04
42.2813 -4.58 102.36 101.49 99.75 190.17 -4.58 0.00 0.01 0.87 190.17
42.4077 -4.58 102.36 101.49 99.75 190.17 -4.58 0.00 0.00 0.87 190.17
42.5357 -4.58 102.36 101.49 99.75 190.17 -4.58 0.01 0.00 0.87 190.17
42.6680 -4.58 101.49 101.49 99.75 190.17 -4.58 0.10 0.00 0.00 190.17
42.7940 -4.58 102.36 101.49 99.75 190.17 -4.58 0.01 0.00 0.87 190.17
42.9176 -4.58 101.49 101.49 98.88 190.17 -5.45 0.06 0.00 0.00 190.17
43.0413 -4.58 102.36 101.49 99.75 190.17 -4.58 0.00 0.09 0.87 190.17
43.1622 -4.58 102.36 101.49 99.75 191.04 -4.58 0.00 0.00 0.87 191.04
43.2828 -4.58 101.49 100.62 99.75 191.04 -3.71 0.00 0.00 0.87 191.04
43.4048 -4.58 101.49 101.49 99.75 190.17 -4.58 0.00 0.00 0.00 190.17
43.5282 -4.58 101.49 101.49 99.75 190.17 -4.58 0.00 0.00 0.00 190.17
43.6493 -4.58 102.36 101.49 100.62 190.17 -5.45 0.08 0.00 0.87 190.17
43.7720 -4.58 102.36 101.49 99.75 190.17 -4.58 0.02 0.00 0.87 190.17
43.8961 -4.58 102.36 101.49 99.75 190.17 -4.58 0.00 0.00 0.87 190.17
44.0189 -4.58 102.36 102.36 98.88 190.17 -4.58 0.00 0.00 0.00 190.17
44.1427 -5.45 102.36 102.36 99.75 190.17 -3.71 0.00 0.00 0.00 190.17
44.2732 -5.45 102.36 101.49 99.75 190.17 -5.45 0.00 0.00 0.87 190.17
44.3959 -4.58 102.36 101.49 99.75 189.30 -4.58 0.00 0.11 0.87 189.30
44.5225 -4.58 103.23 102.36 100.62 190.17 -4.58 0.00 0.05 0.87 190.17
44.6503 -4.58 101.49 101.49 98.88 190.17 -3.71 0.10 0.00 0.00 190.17
44.7724 -4.58 102.36 101.49 98.88 190.17 -4.58 0.02 0.00 0.87 190.17
44.8977 -4.58 102.36 102.36 99.75 190.17 -4.58 0.00 0.00 0.00 190.17
45.0178 -4.58 102.36 101.49 99.75 190.17 -4.58 0.00 0.01 0.87 190.17
45.1378 -4.58 102.36 101.49 99.75 190.17 -4.58 0.00 0.00 0.87 190.17
45.2591 -4.58 102.36 101.49 98.88 190.17 -4.58 0.10 0.00 0.87 190.17
45.3828 -4.58 102.36 102.36 99.75 190.17 -4.58 0.00 0.00 0.00 190.17
45.5153 -4.58 102.36 101.49 98.88 190.17 -4.58 0.00 0.00 0.87 190.17
45.6366 -4.58 102.36 100.62 99.75 190.17 -4.58 0.00 0.00 1.74 190.17
45.7657 -4.58 102.36 101.49 99.75 190.17 -4.58 0.00 0.00 0.87 190.17
45.8877 -4.58 101.49 101.49 98.88 190.17 -4.58 0.00 0.03 0.00 190.17
46.0118 -4.58 102.36 101.49 99.75 190.17 -4.58 0.00 0.00 0.87 190.17
46.1444 -5.45 102.36 101.49 99.75 190.17 -4.58 0.00 0.00 0.87 190.17
46.2669 -4.58 102.36 101.49 99.75 190.17 -4.58 0.00 0.00 0.87 190.17
46.3903 -4.58 102.36 101.49 98.88 190.17 -4.58 0.01 0.00 0.87 190.17
46.5417 -4.58 102.36 101.49 98.88 190.17 -4.58 0.01 0.00 0.87 190.17
46.6593 -4.58 102.36 102.36 99.75 190.17 -4.58 0.00 0.10 0.00 190.17
46.7844 -4.58 102.36 101.49 99.75 190.17 -4.58 0.09 0.01 0.87 190.17
46.9110 -4.58 101.49 101.49 99.75 190.17 -4.58 0.00 0.00 0.00 190.17
47.0341 -4.58 102.36 101.49 99.75 189.30 -4.58 0.00 0.00 0.87 189.30
47.1566 -4.58 102.36 101.49 99.75 190.17 -3.71 0.00 0.00 0.87 190.17
47.2823 -4.58 101.49 101.49 98.88 190.17 -3.71 0.11 0.00 0.00 190.17
47.4023 -4.58 101.49 101.49 99.75 191.04 -4.58 0.00 0.00 0.00 191.04
47.5252 -5.45 102.36 101.49 98.88 190.17 -4.58 0.06 0.00 0.87 190.17
47.6450 -4.58 102.36 102.36 99.75 189.30 -4.58 0.00 0.00 0.00 189.30
47.7675 -4.58 102.36 101.49 99.75 190.17 -3.71 0.12 0.00 0.87 190.17
47.8864 -4.58 102.36 102.36 99.75 190.17 -4.58 0.00 0.00 0.00 190.17
48.0058 -4.58 102.36 102.36 98.88 190.17 -4.58 0.02 0.00 0.00 190.17
48.1276 -4.58 102.36 101.49 99.75 190.17 -3.71 0.00 0.00 0.87 190.17
48.2491 -4.58 101.49 101.49 98.88 190.17 -4.58 0.00 0.00 0.00 190.17
48.3733 -4.58 102.36 102.36 99.75 190.17 -4.58 0.00 0.00 0.00 190.17
48.4999 -4.58 102.36 101.49 99.75 190.17 -4.58 0.11 0.00 0.87 190.17
48.6233 -4.58 101.49 102.36 98.88 190.17 -4.58 0.00 0.00 -0.87 190.17
48.7426 -4.58 102.36 101.49 99.75 190.17 -5.45 0.00 0.00 0.87 190.17
48.8608 -5.45 102.36 101.49 98.88 189.30 -4.58 0.00 0.00 0.87 189.30
48.9837 -4.58 102.36 101.49 99.75 190.17 -4.58 0.09 0.00 0.87 190.17
49.1056 -4.58 102.36 102.36 99.75 190.17 -4.58 0.00 0.00 0.00 190.17
49.2302 -4.58 102.36 101.49 98.88 190.17 -3.71 0.00 0.00 0.87 190.17
49.3521 -4.58 101.49 101.49 99.75 190.17 -4.58 0.00 0.00 0.00 190.17
49.4835 -4.58 101.49 101.49 99.75 190.17 -3.71 0.00 0.00 0.00 190.17
49.6040 -4.58 101.49 101.49 99.75 190.17 -4.58 0.10 0.00 0.00 190.17
49.7236 -4.58 102.36 101.49 99.75 190.17 -3.71 0.07 0.00 0.87 190.17
49.8419 -4.58 102.36 101.49 99.75 190.17 -4.58 0.00 0.00 0.87 190.17
49.9663 -4.58 101.49 102.36 99.75 190.17 -4.58 0.11 0.00 -0.87 190.17
50.0888 -4.58 101.49 102.36 99.75 190.17 -4.58 0.00 0.00 -0.87 190.17
50.2062 -4.58 101.49 102.36 99.75 189.30 -4.58 0.11 0.00 -0.87 189.30
50.3281 -4.58 102.36 101.49 99.75 189.30 -4.58 0.00 0.00 0.87 189.30
50.4582 -4.58 101.49 101.49 99.75 190.17 -3.71 0.02 0.00 0.00 190.17
50.5808 -5.45 101.49 101.49 99.75 190.17 -4.58 0.00 0.00 0.00 190.17
50.7039 -4.58 102.36 101.49 98.88 189.30 -4.58 0.00 0.00 0.87 189.30
50.8303 -4.58 101.49 101.49 98.88 190.17 -4.58 0.01 0.00 0.00 190.17
50.9498 -4.58 102.36 101.49 99.75 190.17 -4.58 0.00 0.00 0.87 190.17
51.0708 -4.58 101.49 101.49 99.75 190.17 -4.58 0.02 0.00 0.00 190.17
51.1918 -5.45 101.49 101.49 98.88 190.17 -4.58 0.00 0.00 0.00 190.17
51.3137 -5.45 102.36 101.49 99.75 190.17 -4.58 0.01 0.02 0.87 190.17
51.4458 -4.58 102.36 100.62 99.75 189.30 -4.58 0.00 0.00 1.74 189.30
51.5721 -4.58 101.49 101.49 98.88 190.17 -4.58 0.01 0.00 0.00 190.17
51.6934 -4.58 102.36 101.49 99.75 190.17 -4.58 0.00 0.00 0.87 190.17
51.8184 -4.58 102.36 101.49 99.75 190.17 -3.71 0.08 0.00 0.87 190.17
51.9402 -4.58 102.36 101.49 99.75 190.17 -4.58 0.00 0.00 0.87 190.17
52.0632 -5.45 101.49 101.49 99.75 190.17 -4.58 0.00 0.00 0.00 190.17
52.1870 -4.58 102.36 102.36 99.75 190.17 -4.58 0.00 0.00 0.00 190.17
52.3058 -4.58 101.49 102.36 99.75 190.17 -4.58 0.01 0.00 -0.87 190.17
52.4338 -4.58 101.49 101.49 99.75 190.17 -4.58 0.00 0.02 0.00 190.17
52.5556 -4.58 102.36 101.49 99.75 190.17 -4.58 0.00 0.00 0.87 190.17
52.6732 -5.45 102.36 101.49 99.75 190.17 -3.71 0.02 0.00 0.87 190.17
52.7955 -4.58 102.36 101.49 98.88 190.17 -3.71 0.01 0.02 0.87 190.17
52.9194 -4.58 102.36 102.36 99.75 189.30 -4.58 0.00 0.00 0.00 189.30
53.0388 -5.45 101.49 101.49 99.75 190.17 -4.58 0.02 0.00 0.00 190.17
53.1573 -4.58 101.49 101.49 98.88 190.17 -3.71 0.00 0.00 0.00 190.17
53.2794 -4.58 102.36 102.36 99.75 189.30 -4.58 0.00 0.00 0.00 189.30
53.4029 -4.58 102.36 101.49 98.88 190.17 -4.58 0.00 0.00 0.87 190.17
53.5303 -4.58 102.36 101.49 99.75 190.17 -4.58 0.01 0.00 0.87 190.17
53.6519 -4.58 102.36 102.36 99.75 190.17 -4.58 0.00 0.00 0.00 190.17
53.7788 -4.58 102.36 101.49 99.75 190.17 -4.58 0.01 0.00 0.87 190.17
53.9018 -5.45 101.49 101.49 98.88 190.17 -4.58 0.00 0.02 0.00 190.17
54.0266 -4.58 102.36 101.49 99.75 190.17 -4.58 0.00 0.00 0.87 190.17
54.1482 -4.58 101.49 101.49 98.88 190.17 -3.71 0.00 0.00 0.00 190.17
54.2706 -4.58 101.49 101.49 99.75 190.17 -4.58 0.03 0.00 0.00 190.17
54.3938 -5.45 102.36 101.49 99.75 190.17 -4.58 0.00 0.00 0.87 190.17
54.5240 -4.58 101.49 101.49 99.75 190.17 -4.58 0.00 0.00 0.00 190.17
54.6441 -4.58 100.62 101.49 98.88 188.44 -4.58 0.00 0.00 -0.87 188.44
54.7664 -4.58 102.36 101.49 99.75 190.17 -2.84 0.00 0.00 0.87 190.17
54.8896 -4.58 102.36 101.49 98.88 190.17 -3.71 0.00 0.00 0.87 190.17
55.0111 -4.58 102.36 102.36 99.75 190.17 -4.58 0.01 0.00 0.00 190.17
55.1307 -4.58 102.36 101.49 99.75 190.17 -3.71 0.04 0.00 0.87 190.17
55.2526 -4.58 101.49 101.49 99.75 190.17 -4.58 0.02 0.02 0.00 190.17
55.3725 -5.45 102.36 101.49 99.75 190.17 -4.58 0.00 0.00 0.87 190.17
55.5001 -4.58 102.36 101.49 99.75 190.17 -5.45 0.00 0.00 0.87 190.17
55.6154 -4.58 102.36 101.49 99.75 190.17 -4.58 0.00 0.00 0.87 190.17
55.7372 -4.58 102.36 101.49 99.75 190.17 -4.58 0.01 0.10 0.87 190.17
55.8603 -5.45 102.36 101.49 98.88 189.30 -4.58 0.00 0.00 0.87 189.30
55.9794 -4.58 101.49 101.49 99.75 190.17 -4.58 0.01 0.00 0.00 190.17
56.1017 -4.58 102.36 101.49 99.75 190.17 -4.58 0.00 0.00 0.87 190.17
56.2255 -4.58 102.36 101.49 99.75 190.17 -4.58 0.00 0.00 0.87 190.17
56.3472 -4.58 102.36 101.49 99.75 190.17 -4.58 0.00 0.00 0.87 190.17
56.4753 -4.58 102.36 101.49 98.88 190.17 -4.58 0.00 0.00 0.87 190.17
56.5965 -5.45 102.36 101.49 99.75 190.17 -4.58 0.01 0.00 0.87 190.17
56.7128 -4.58 101.49 101.49 99.75 190.17 -3.71 0.06 0.00 0.00 190.17
56.8389 -4.58 102.36 100.62 99.75 190.17 -4.58 0.05 0.00 1.74 190.17
56.9623 -5.45 102.36 101.49 98.88 190.17 -4.58 0.00 0.00 0.87 190.17
57.0845 -4.58 102.36 101.49 99.75 190.17 -4.58 0.00 0.00 0.87 190.17
57.2124 -4.58 101.49 101.49 98.88 190.17 -4.58 0.00 0.00 0.00 190.17
57.3353 -4.58 101.49 101.49 98.88 190.17 -4.58 0.00 0.00 0.00 190.17
57.4616 -4.58 102.36 102.36 99.75 189.30 -4.58 0.01 0.00 0.00 189.30
57.5854 -3.71 101.49 102.36 99.75 190.17 -4.58 0.00 0.04 -0.87 190.17
57.7121 -5.45 101.49 101.49 99.75 190.17 -4.58 0.00 0.00 0.00 190.17
57.8321 -4.58 101.49 101.49 99.75 190.17 -5.45 0.00 0.00 0.00 190.17
57.9578 -4.58 101.49 101.49 99.75 190.17 -4.58 0.00 0.00 0.00 190.17
58.0804 -4.58 102.36 101.49 99.75 190.17 -3.71 0.00 0.00 0.87 190.17
58.2020 -4.58 102.36 101.49 99.75 190.17 -3.71 0.00 0.00 0.87 190.17
58.3231 -4.58 102.36 101.49 98.88 190.17 -4.58 0.00 0.00 0.87 190.17
58.4456 -5.45 102.36 101.49 99.75 189.30 -4.58 0.00 0.00 0.87 189.30
58.5676 -5.45 102.36 101.49 99.75 190.17 -4.58 0.00 0.00 0.87 190.17
58.6892 -4.58 101.49 101.49 99.75 190.17 -4.58 0.00 0.00 0.00 190.17
58.8188 -4.58 101.49 101.49 98.88 190.17 -4.58 0.00 0.00 0.00 190.17
58.9449 -5.45 101.49 101.49 98.88 190.17 -4.58 0.02 0.00 0.00 190.17
59.0669 -5.45 101.49 101.49 99.75 190.17 -4.58 0.00 0.00 0.00 190.17
59.1909 -4.58 101.49 101.49 98.88 190.17 -3.71 0.07 0.00 0.00 190.17
59.3215 -4.58 101.49 101.49 98.88 191.04 -4.58 0.00 0.08 0.00 191.04
59.4439 -4.58 102.36 101.49 99.75 190.17 -3.71 0.00 0.09 0.87 190.17
59.5636 -4.58 101.49 102.36 99.75 189.30 -4.58 0.01 0.00 -0.87 189.30
59.6815 -4.58 101.49 101.49 99.75 190.17 -4.58 0.00 0.00 0.00 190.17
59.8035 -4.58 101.49 101.49 98.88 190.17 -4.58 0.00 0.00 0.00 190.17
59.9269 -4.58 102.36 101.49 99.75 190.17 -3.71 0.00 0.00 0.87 190.17
60.0593 -4.58 101.49 102.36 98.88 189.30 -4.58 0.00 0.00 -0.87 189.30
60.1849 -4.58 101.49 101.49 99.75 183.22 -4.58 0.00 0.00 0.00 183.22
60.3105 15.42 102.36 101.49 99.75 160.61 -3.71 0.11 0.00 0.87 160.61
60.4376 32.81 102.36 101.49 99.75 140.62 -4.58 0.00 0.00 0.87 140.62
60.5626 50.20 101.49 101.49 99.75 122.36 -4.58 0.00 0.00 0.00 122.36
60.6855 64.98 102.36 101.49 99.75 107.58 -4.58 0.00 0.00 0.87 107.58
60.8076 76.28 102.36 101.49 99.75 95.41 -3.71 0.00 0.00 0.87 95.41
60.9272 86.71 101.49 100.62 99.75 82.37 -4.58 0.01 0.00 0.87 82.37
61.0441 95.41 101.49 100.62 98.88 71.93 -5.45 0.01 0.00 0.87 71.93
61.1679 101.49 102.36 97.15 94.54 63.24 -4.58 0.00 0.08 5.22 63.24
61.2920 106.71 101.49 89.32 86.71 53.67 -4.58 0.00 0.00 12.17 53.67
61.4177 111.93 101.49 78.89 76.28 44.98 -4.58 0.00 0.00 22.61 44.98
61.5473 118.01 102.36 65.85 62.37 37.15 -3.71 0.00 0.00 36.52 37.15
61.6671 122.36 102.36 52.80 50.20 31.94 -4.58 0.00 0.00 49.56 31.94
61.7893 126.71 104.10 41.50 38.89 25.85 -4.58 0.00 0.00 62.60 25.85
61.9134 131.05 103.23 31.07 28.46 20.64 -4.58 0.00 0.00 72.16 20.64
62.0488 133.66 104.10 22.37 18.90 15.42 -4.58 0.09 0.00 81.73 15.42
62.1765 137.14 103.23 12.81 10.20 13.68 -3.71 0.00 0.00 90.42 13.68
62.2993 139.75 104.10 6.72 4.99 10.20 -5.45 0.00 0.00 97.38 10.20
62.4219 141.49 104.10 2.38 1.51 7.59 -5.45 0.07 0.00 101.72 7.59
62.5450 143.22 103.23 0.64 -1.10 5.86 -4.58 0.00 0.00 102.59 5.86
62.6724 143.22 103.23 -1.10 -2.84 4.12 -3.71 0.00 0.00 104.33 4.12
62.7942 145.83 103.23 -1.97 -2.84 3.25 -4.58 0.00 0.00 105.20 3.25
62.9171 146.70 103.23 -2.84 -3.71 2.38 -4.58 0.00 0.00 106.07 2.38
63.0404 146.70 104.10 -1.97 -3.71 1.51 -3.71 0.08 0.00 106.07 1.51
63.1665 148.44 102.36 -2.84 -3.71 0.64 -4.58 0.00 0.00 105.20 0.64
63.2901 148.44 104.10 -2.84 -3.71 -0.23 -4.58 0.00 0.00 106.94 -0.23
63.4139 149.31 104.10 -2.84 -3.71 -0.23 -3.71 0.10 0.00 106.94 -0.23
63.5424 150.18 103.23 -2.84 -3.71 -0.23 -4.58 0.01 0.00 106.07 -0.23
63.6622 150.18 103.23 -2.84 -3.71 -1.10 -4.58 0.00 0.00 106.07 -1.10
63.7943 151.05 103.23 -2.84 -3.71 -1.10 -4.58 0.00 0.00 106.07 -1.10
63.9171 151.05 103.23 -2.84 -3.71 -1.10 -4.58 0.00 0.00 106.07 -1.10
64.0379 151.92 103.23 -2.84 -3.71 -1.97 -3.71 0.00 0.00 106.07 -1.97
64.1580 151.05 103.23 -3.71 -3.71 -2.84 -4.58 0.00 0.00 106.94 -2.84
64.2823 151.92 103.23 -2.84 -3.71 -1.97 -3.71 0.11 0.00 106.07 -1.97
64.4042 151.05 104.10 -2.84 -3.71 -2.84 -5.45 0.00 0.00 106.94 -2.84
64.5266 151.92 103.23 -2.84 -3.71 -2.84 -4.58 0.00 0.08 106.07 -2.84
64.6534 152.79 104.10 -2.84 -3.71 -2.84 -4.58 0.01 0.00 106.94 -2.84
64.7771 151.92 103.23 -3.71 -4.58 -2.84 -4.58 0.00 0.00 106.94 -2.84
64.8993 151.92 103.23 -2.84 -4.58 -2.84 -4.58 0.00 0.04 106.07 -2.84
65.0228 151.92 104.10 -2.84 -3.71 -2.84 -4.58 0.00 0.00 106.94 -2.84
65.1465 151.92 102.36 -2.84 -2.84 -2.84 -4.58 0.00 0.00 105.20 -2.84
65.2695 151.92 103.23 -3.71 -4.58 -2.84 -3.71 0.00 0.00 106.94 -2.84
65.3864 151.92 102.36 -2.84 -4.58 -2.84 -4.58 0.00 0.00 105.20 -2.84
65.5130 151.92 104.10 -2.84 -3.71 -3.71 -4.58 0.00 0.01 106.94 -3.71
65.6375 151.92 103.23 -2.84 -3.71 -2.84 -3.71 0.07 0.00 106.07 -2.84
65.7600 151.92 103.23 -1.97 -3.71 -3.71 -4.58 0.01 0.04 105.20 -3.71
65.8746 152.79 103.23 -1.97 -3.71 -3.71 -3.71 0.00 0.01 105.20 -3.71
65.9962 151.92 103.23 -2.84 -3.71 -3.71 -3.71 0.00 0.00 106.07 -3.71
66.1222 151.92 103.23 -2.84 -3.71 -3.71 -4.58 0.00 0.00 106.07 -3.71
66.2396 151.92 103.23 -2.84 -4.58 -3.71 -4.58 0.00 0.00 106.07 -3.71
66.3612 151.92 103.23 -2.84 -3.71 -3.71 -4.58 0.00 0.00 106.07 -3.71
66.4900 152.79 103.23 -2.84 -3.71 -3.71 -5.45 0.00 0.00 106.07 -3.71
66.6116 152.79 103.23 -1.97 -3.71 -3.71 -3.71 0.08 0.00 105.20 -3.71
66.7357 151.92 103.23 -2.84 -4.58 -3.71 -4.58 0.00 0.02 106.07 -3.71
66.8538 151.92 104.10 -2.84 -3.71 -3.71 -4.58 0.08 0.00 106.94 -3.71
66.9753 151.92 104.10 -2.84 -3.71 -4.58 -4.58 0.00 0.00 106.94 -4.58
67.0998 151.92 103.23 -3.71 -3.71 -3.71 -4.58 0.00 0.07 106.94 -3.71
67.2222 151.92 103.23 -2.84 -2.84 -3.71 -4.58 0.05 0.00 106.07 -3.71
67.3443 151.92 103.23 -2.84 -3.71 -3.71 -4.58 0.00 0.00 106.07 -3.71
67.4761 152.79 103.23 -1.97 -3.71 -3.71 -4.58 0.00 0.00 105.20 -3.71
67.6009 151.92 103.23 -3.71 -3.71 -3.71 -3.71 0.05 0.00 106.94 -3.71
67.7251 151.92 104.10 -2.84 -3.71 -3.71 -4.58 0.00 0.00 106.94 -3.71
67.8495 151.92 104.10 -2.84 -3.71 -3.71 -4.58 0.00 0.01 106.94 -3.71
67.9629 151.92 103.23 -2.84 -3.71 -3.71 -4.58 0.08 0.00 106.07 -3.71
68.0908 152.79 104.10 -2.84 -3.71 -2.84 -3.71 0.00 0.00 106.94 -2.84
68.2098 151.92 103.23 -2.84 -3.71 -3.71 -3.71 0.00 0.03 106.07 -3.71
68.3368 151.92 103.23 -2.84 -3.71 -3.71 -3.71 0.00 0.00 106.07 -3.71
68.4625 151.92 104.10 -3.71 -3.71 -3.71 -4.58 0.00 0.00 107.81 -3.71
68.5857 151.92 103.23 -2.84 -3.71 -2.84 -3.71 0.00 0.00 106.07 -2.84
68.7045 151.05 103.23 -2.84 -3.71 -3.71 -4.58 0.11 0.00 106.07 -3.71
68.8310 151.92 102.36 -2.84 -3.71 -3.71 -4.58 0.00 0.00 105.20 -3.71
68.9548 152.79 103.23 -2.84 -4.58 -3.71 -6.32 0.09 0.00 106.07 -3.71
69.0730 151.92 103.23 -2.84 -3.71 -3.71 -3.71 0.00 0.00 106.07 -3.71
69.1950 151.92 103.23 -1.97 -3.71 -3.71 -4.58 0.00 0.00 105.20 -3.71
69.3177 151.92 103.23 -2.84 -3.71 -3.71 -3.71 0.00 0.00 106.07 -3.71
69.4504 151.92 104.10 -3.71 -3.71 -3.71 -4.58 0.00 0.00 107.81 -3.71
69.5734 151.92 103.23 -1.97 -3.71 -3.71 -3.71 0.00 0.00 105.20 -3.71
69.6993 151.92 104.10 -1.97 -3.71 -4.58 -4.58 0.00 0.08 106.07 -4.58
69.8256 151.92 103.23 -2.84 -4.58 -3.71 -4.58 0.00 0.00 106.07 -3.71
69.9457 152.79 104.10 -2.84 -3.71 -3.71 -4.58 0.00 0.00 106.94 -3.71
70.0629 151.92 103.23 -2.84 -3.71 -2.84 -4.58 0.00 0.00 106.07 -2.84
70.1869 151.92 104.10 -2.84 -3.71 -2.84 -5.45 0.00 0.00 106.94 -2.84
70.3087 151.92 104.10 -2.84 -3.71 -3.71 -4.58 0.00 0.00 106.94 -3.71
70.4396 152.79 103.23 -2.84 -3.71 -3.71 -4.58 0.00 0.00 106.07 -3.71
70.5563 151.92 102.36 -2.84 -3.71 -3.71 -4.58 0.00 0.00 105.20 -3.71
70.6758 151.92 103.23 -3.71 -3.71 -2.84 -4.58 0.01 0.07 106.94 -2.84
70.8019 151.92 103.23 -2.84 -3.71 -3.71 -4.58 0.01 0.00 106.07 -3.71
70.9252 151.92 104.10 -2.84 -3.71 -3.71 -4.58 0.00 0.07 106.94 -3.71
71.0396 151.92 104.10 -2.84 -3.71 -3.71 -3.71 0.00 0.00 106.94 -3.71
71.1572 151.92 103.23 -2.84 -3.71 -3.71 -4.58 0.00 0.00 106.07 -3.71
71.2860 151.05 103.23 -4.58 -3.71 -3.71 -4.58 0.00 0.00 107.81 -3.71
71.4025 151.92 104.10 -2.84 -3.71 -3.71 -4.58 0.06 0.00 106.94 -3.71
71.5319 151.05 103.23 -2.84 -3.71 -3.71 -4.58 0.00 0.00 106.07 -3.71
71.6511 151.92 104.10 -2.84 -3.71 -3.71 -4.58 0.00 0.00 106.94 -3.71
71.7692 151.92 104.10 -2.84 -3.71 -3.71 -5.45 0.00 0.00 106.94 -3.71
71.8834 151.92 104.10 -2.84 -3.71 -3.71 -4.58 0.00 0.00 106.94 -3.71
72.0062 151.92 103.23 -2.84 -3.71 -3.71 -3.71 0.00 0.00 106.07 -3.71
72.1250 151.92 103.23 -2.84 -3.71 -3.71 -4.58 0.00 0.00 106.07 -3.71
72.2434 152.79 104.10 -2.84 -3.71 -3.71 -3.71 0.00 0.00 106.94 -3.71
72.3627 151.92 103.23 -2.84 -3.71 -3.71 -4.58 0.00 0.01 106.07 -3.71
72.4898 151.92 104.10 -2.84 -4.58 -3.71 -4.58 0.00 0.02 106.94 -3.71
72.6130 152.79 103.23 -2.84 -3.71 -3.71 -3.71 0.08 0.00 106.07 -3.71
72.7346 151.92 104.10 -2.84 -3.71 -3.71 -3.71 0.00 0.00 106.94 -3.71
72.8546 151.92 103.23 -2.84 -3.71 -3.71 -4.58 0.04 0.00 106.07 -3.71
72.9770 151.92 103.23 -2.84 -3.71 -3.71 -4.58 0.00 0.00 106.07 -3.71
73.0952 151.92 103.23 -1.97 -4.58 -3.71 -4.58 0.05 0.00 105.20 -3.71
73.2229 151.92 103.23 -2.84 -4.58 -4.58 -4.58 0.00 0.00 106.07 -4.58
73.3430 151.92 104.10 -2.84 -3.71 -3.71 -4.58 0.01 0.00 106.94 -3.71
73.4717 151.05 103.23 -1.97 -3.71 -3.71 -4.58 0.00 0.00 105.20 -3.71
73.5983 151.92 103.23 -1.97 -3.71 -2.84 -4.58 0.00 0.00 105.20 -2.84
73.7221 151.92 103.23 -2.84 -3.71 -3.71 -4.58 0.00 0.00 106.07 -3.71
73.8447 151.92 104.10 -2.84 -3.71 -3.71 -4.58 0.08 0.02 106.94 -3.71
73.9678 151.92 103.23 -2.84 -3.71 -3.71 -4.58 0.00 0.00 106.07 -3.71
74.0891 151.92 103.23 -2.84 -4.58 -3.71 -4.58 0.00 0.00 106.07 -3.71
74.2056 151.92 104.10 -1.97 -3.71 -3.71 -4.58 0.00 0.00 106.07 -3.71
74.3293 151.92 103.23 -2.84 -3.71 -3.71 -3.71 0.00 0.00 106.07 -3.71
74.4546 151.92 104.10 -1.97 -4.58 -3.71 -4.58 0.00 0.00 106.07 -3.71
74.5782 151.92 103.23 -2.84 -3.71 -3.71 -4.58 0.07 0.00 106.07 -3.71
74.7003 151.92 103.23 -2.84 -3.71 -2.84 -4.58 0.00 0.00 106.07 -2.84
74.8232 151.92 103.23 -1.97 -3.71 -3.71 -4.58 0.00 0.00 105.20 -3.71
74.9508 151.92 103.23 -2.84 -3.71 -3.71 -4.58 0.00 0.00 106.07 -3.71
75.0696 151.92 103.23 -2.84 -3.71 -4.58 -4.58 0.00 0.00 106.07 -4.58
75.1888 151.92 103.23 -1.97 -4.58 -3.71 -4.58 0.00 0.00 105.20 -3.71
75.3099 151.92 104.10 -1.97 -3.71 -3.71 -4.58 0.00 0.00 106.07 -3.71
75.4365 151.92 103.23 -2.84 -3.71 -3.71 -4.58 0.08 0.00 106.07 -3.71
75.5559 151.92 103.23 -2.84 -3.71 -3.71 -4.58 0.00 0.00 106.07 -3.71
75.6853 151.92 103.23 -2.84 -2.84 -4.58 -4.58 0.07 0.07 106.07 -4.58
75.8052 151.92 103.23 -1.97 -3.71 -2.84 -3.71 0.00 0.08 105.20 -2.84
75.9241 151.92 103.23 -2.84 -3.71 -3.71 -4.58 0.00 0.00 106.07 -3.71
76.0401 151.92 103.23 -2.84 -4.58 -3.71 -4.58 0.00 0.00 106.07 -3.71
76.1665 151.92 103.23 -3.71 -4.58 -3.71 -4.58 0.00 0.01 106.94 -3.71
76.2858 151.92 103.23 -1.97 -3.71 -3.71 -4.58 0.08 0.00 105.20 -3.71
76.4154 151.92 104.10 -2.84 -3.71 -3.71 -4.58 0.00 0.00 106.94 -3.71
76.5434 151.92 103.23 -2.84 -4.58 -3.71 -4.58 0.08 0.00 106.07 -3.71
76.6661 151.92 103.23 -2.84 -3.71 -3.71 -4.58 0.00 0.00 106.07 -3.71
76.7901 151.92 104.10 -3.71 -3.71 -3.71 -3.71 0.00 0.00 107.81 -3.71
76.9119 151.92 103.23 -2.84 -3.71 -3.71 -4.58 0.00 0.00 106.07 -3.71
77.0368 151.92 104.10 -2.84 -3.71 -3.71 -4.58 0.00 0.00 106.94 -3.71
77.1580 151.92 103.23 -2.84 -4.58 -3.71 -4.58 0.01 0.00 106.07 -3.71
77.2821 152.79 103.23 -1.97 -3.71 -3.71 -4.58 0.00 0.00 105.20 -3.71
77.4006 151.92 103.23 -2.84 -3.71 -3.71 -4.58 0.02 0.00 106.07 -3.71
77.5253 151.92 104.10 -2.84 -3.71 -3.71 -4.58 0.09 0.00 106.94 -3.71
77.6382 151.92 103.23 -2.84 -3.71 -3.71 -4.58 0.00 0.00 106.07 -3.71
77.7594 151.92 104.10 -2.84 -4.58 -3.71 -4.58 0.03 0.00 106.94 -3.71
77.8832 151.92 103.23 -2.84 -3.71 -3.71 -4.58 0.00 0.00 106.07 -3.71
78.0051 151.92 103.23 -2.84 -3.71 -3.71 -4.58 0.00 0.08 106.07 -3.71
78.1289 151.92 103.23 -2.84 -3.71 -3.71 -4.58 0.09 0.00 106.07 -3.71
78.2518 151.92 102.36 -2.84 -2.84 -3.71 -4.58 0.02 0.00 105.20 -3.71
78.3746 151.92 103.23 -2.84 -3.71 -3.71 -3.71 0.00 0.00 106.07 -3.71
78.4954 151.92 103.23 -2.84 -3.71 -3.71 -4.58 0.00 0.03 106.07 -3.71
78.6170 151.92 104.10 -2.84 -3.71 -3.71 -4.58 0.00 0.00 106.94 -3.71
78.7396 151.92 103.23 -2.84 -3.71 -2.84 -4.58 0.00 0.07 106.07 -2.84
78.8635 151.92 103.23 -2.84 -3.71 -3.71 -4.58 0.00 0.02 106.07 -3.71
78.9815 151.92 104.10 -2.84 -4.58 -3.71 -3.71 0.00 0.00 106.94 -3.71
79.1025 151.92 103.23 -2.84 -3.71 -3.71 -3.71 0.00 0.00 106.07 -3.71
79.2199 151.92 103.23 -2.84 -4.58 -3.71 -4.58 0.00 0.00 106.07 -3.71
79.3424 151.92 103.23 -2.84 -4.58 -3.71 -4.58 0.00 0.00 106.07 -3.71
79.4674 151.92 103.23 -2.84 -3.71 -3.71 -3.71 0.01 0.00 106.07 -3.71
80.1025 151.92 103.23 -2.84 -3.71 -3.71 -6.32 0.07 0.00 106.07 -3.71
80.2269 151.92 104.10 -2.84 -3.71 -3.71 -3.71 0.00 0.00 106.94 -3.71
80.3432 151.92 103.23 -1.97 -3.71 -4.58 -4.58 0.00 0.00 105.20 -4.58
80.4650 151.92 104.10 -2.84 -3.71 -3.71 -4.58 0.00 0.02 106.94 -3.71
80.5833 151.92 102.36 -2.84 -4.58 -3.71 -4.58 0.00 0.08 105.20 -3.71
80.7063 151.92 103.23 -2.84 -3.71 -2.84 -3.71 0.00 0.00 106.07 -2.84
80.8277 151.92 103.23 -1.97 -3.71 -3.71 -3.71 0.00 0.00 105.20 -3.71
80.9499 151.92 104.10 -2.84 -3.71 -3.71 -3.71 0.02 0.00 106.94 -3.71
81.0751 151.92 103.23 -1.97 -3.71 -3.71 -4.58 0.00 0.00 105.20 -3.71
81.2003 151.92 103.23 -2.84 -2.84 -3.71 -5.45 0.00 0.00 106.07 -3.71
81.3236 151.92 103.23 -2.84 -3.71 -3.71 -3.71 0.00 0.00 106.07 -3.71
81.4493 151.92 103.23 -2.84 -3.71 -2.84 -4.58 0.00 0.00 106.07 -2.84
81.5707 151.92 103.23 -2.84 -3.71 -4.58 -4.58 0.09 0.00 106.07 -4.58
81.6928 151.92 103.23 -2.84 -3.71 -3.71 -5.45 0.01 0.00 106.07 -3.71
81.8155 151.92 104.10 -2.84 -3.71 -3.71 -3.71 0.00 0.04 106.94 -3.71
81.9382 151.92 103.23 -1.97 -3.71 -3.71 -4.58 0.00 0.00 105.20 -3.71
82.0514 151.05 104.10 -2.84 -3.71 -3.71 -4.58 0.00 0.00 106.94 -3.71
82.1759 151.92 103.23 -2.84 -3.71 -3.71 -5.45 0.00 0.00 106.07 -3.71
82.2973 151.92 103.23 -2.84 -3.71 -3.71 -4.58 0.00 0.00 106.07 -3.71
82.4343 151.92 103.23 -2.84 -3.71 -3.71 -4.58 0.00 0.00 106.07 -3.71
82.5536 151.92 103.23 -2.84 -3.71 -3.71 -4.58 0.00 0.00 106.07 -3.71
82.6761 151.92 103.23 -2.84 -3.71 -3.71 -6.32 0.07 0.00 106.07 -3.71
82.7983 151.92 103.23 -2.84 -3.71 -3.71 -4.58 0.00 0.00 106.07 -3.71
82.9211 151.05 103.23 -2.84 -3.71 -3.71 -4.58 0.00 0.05 106.07 -3.71
83.0448 151.92 103.23 -2.84 -3.71 -3.71 -3.71 0.00 0.00 106.07 -3.71
83.1667 151.92 103.23 -2.84 -5.45 -3.71 -4.58 0.00 0.00 106.07 -3.71
83.2905 151.05 103.23 -2.84 -4.58 -3.71 -4.58 0.00 0.00 106.07 -3.71
83.4175 151.92 103.23 -2.84 -3.71 -3.71 -4.58 0.00 0.00 106.07 -3.71
83.5433 151.92 103.23 -2.84 -3.71 -3.71 -4.58 0.07 0.00 106.07 -3.71
83.6664 151.92 103.23 -2.84 -3.71 -3.71 -4.58 0.00 0.00 106.07 -3.71
83.7895 151.92 103.23 -1.97 -4.58 -3.71 -4.58 0.00 0.08 105.20 -3.71
83.9120 151.05 103.23 -2.84 -3.71 -3.71 -4.58 0.00 0.00 106.07 -3.71
84.0336 151.92 102.36 -2.84 -3.71 -3.71 -3.71 0.02 0.00 105.20 -3.71
84.1594 151.92 103.23 -2.84 -2.84 -3.71 -4.58 0.00 0.00 106.07 -3.71
84.2831 151.92 104.10 -2.84 -3.71 -4.58 -4.58 0.01 0.00 106.94 -4.58
84.4031 151.92 103.23 -2.84 -3.71 -3.71 -3.71 0.00 0.00 106.07 -3.71
84.5323 151.92 104.10 -2.84 -4.58 -2.84 -4.58 0.00 0.00 106.94 -2.84
84.6512 151.92 103.23 -2.84 -3.71 -3.71 -3.71 0.00 0.00 106.07 -3.71
84.7733 152.79 103.23 -1.97 -3.71 -3.71 -4.58 0.00 0.00 105.20 -3.71
84.8994 151.92 103.23 -2.84 -3.71 -2.84 -3.71 0.00 0.00 106.07 -2.84
85.0236 151.92 103.23 -1.97 -3.71 -3.71 -4.58 0.00 0.00 105.20 -3.71
85.1418 151.92 103.23 -2.84 -3.71 -3.71 -4.58 0.00 0.00 106.07 -3.71
85.2648 151.92 103.23 -3.71 -3.71 -3.71 -4.58 0.00 0.08 106.94 -3.71
85.3867 151.92 104.10 -2.84 -3.71 -3.71 -4.58 0.08 0.00 106.94 -3.71
85.5088 151.92 103.23 -2.84 -4.58 -3.71 -4.58 0.09 0.00 106.07 -3.71
85.6253 151.05 103.23 -2.84 -3.71 -3.71 -4.58 0.00 0.00 106.07 -3.71
85.7472 151.92 103.23 -2.84 -3.71 -2.84 -4.58 0.00 0.00 106.07 -2.84
85.8674 151.92 104.10 -1.97 -3.71 -3.71 -3.71 0.00 0.00 106.07 -3.71
85.9878 151.92 103.23 -2.84 -3.71 -3.71 -4.58 0.00 0.08 106.07 -3.71
86.1132 151.92 103.23 -2.84 -3.71 -3.71 -4.58 0.00 0.00 106.07 -3.71
86.2267 151.92 104.10 -2.84 -3.71 -3.71 -5.45 0.07 0.00 106.94 -3.71
86.3529 151.92 103.23 -2.84 -3.71 -3.71 -4.58 0.00 0.00 106.07 -3.71
86.4807 151.92 103.23 -2.84 -3.71 -3.71 -4.58 0.00 0.08 106.07 -3.71
86.6038 151.05 103.23 -2.84 -3.71 -3.71 -4.58 0.07 0.00 106.07 -3.71
86.7260 151.92 103.23 -2.84 -3.71 -3.71 -4.58 0.00 0.00 106.07 -3.71
86.8484 151.92 103.23 -2.84 -3.71 -3.71 -4.58 0.06 0.00 106.07 -3.71
86.9685 151.92 103.23 -2.84 -3.71 -3.71 -4.58 0.00 0.00 106.07 -3.71
87.0874 151.92 102.36 -2.84 -4.58 -3.71 -3.71 0.00 0.08 105.20 -3.71
87.2083 151.92 102.36 -2.84 -3.71 -3.71 -3.71 0.08 0.00 105.20 -3.71
87.3322 151.92 103.23 -2.84 -3.71 -3.71 -4.58 0.02 0.02 106.07 -3.71
87.4590 151.92 103.23 -3.71 -3.71 -3.71 -4.58 0.00 0.00 106.94 -3.71
87.5858 151.92 103.23 -2.84 -4.58 -3.71 -3.71 0.00 0.00 106.07 -3.71
87.7053 151.05 102.36 -3.71 -3.71 -3.71 -4.58 0.00 0.08 106.07 -3.71
87.8281 151.92 103.23 -2.84 -3.71 -3.71 -3.71 0.00 0.00 106.07 -3.71
87.9548 151.92 103.23 -1.97 -3.71 -3.71 -4.58 0.00 0.00 105.20 -3.71
88.0787 151.92 103.23 -1.97 -3.71 -4.58 -4.58 0.00 0.00 105.20 -4.58
88.2008 151.92 103.23 -2.84 -3.71 -3.71 -5.45 0.00 0.00 106.07 -3.71
88.3316 151.92 103.23 -2.84 -3.71 -3.71 -4.58 0.02 0.08 106.07 -3.71
88.4575 151.05 103.23 -1.97 -3.71 -3.71 -4.58 0.00 0.00 105.20 -3.71
88.5815 151.92 103.23 -2.84 -3.71 -3.71 -4.58 0.00 0.00 106.07 -3.71
88.7041 151.92 103.23 -1.97 -3.71 -2.84 -3.71 0.00 0.00 105.20 -2.84
88.8233 151.92 103.23 -2.84 -3.71 -3.71 -4.58 0.01 0.00 106.07 -3.71
88.9470 151.92 103.23 -2.84 -3.71 -3.71 -4.58 0.00 0.08 106.07 -3.71
89.0652 151.92 103.23 -2.84 -4.58 -3.71 -4.58 0.02 0.00 106.07 -3.71
89.1830 151.92 103.23 -2.84 -3.71 -3.71 -3.71 0.06 0.00 106.07 -3.71
89.3119 151.92 103.23 -2.84 -3.71 -3.71 -3.71 0.09 0.00 106.07 -3.71
89.4424 151.92 103.23 -2.84 -3.71 -3.71 -4.58 0.01 0.00 106.07 -3.71
89.5651 151.92 103.23 -2.84 -3.71 -3.71 -3.71 0.00 0.07 106.07 -3.71
89.6922 151.05 103.23 -3.71 -4.58 -3.71 -3.71 0.00 0.00 106.94 -3.71
89.8143 151.92 103.23 -2.84 -3.71 -2.84 -4.58 0.00 0.05 106.07 -2.84
89.9375 151.92 103.23 -2.84 -3.71 -2.84 -3.71 0.00 0.00 106.07 -2.84
90.0650 151.92 103.23 -2.84 -3.71 -3.71 -4.58 0.00 0.07 106.07 -3.71
90.1904 151.92 104.10 -2.84 -4.58 -4.58 -4.58 0.00 0.00 106.94 -4.58
90.3135 151.92 103.23 -2.84 -3.71 -4.58 -4.58 0.00 0.00 106.07 -4.58
90.4462 151.92 103.23 -2.84 -3.71 -3.71 -4.58 0.00 0.00 106.07 -3.71
90.5644 151.92 103.23 -2.84 -3.71 -3.71 -3.71 0.00 0.00 106.07 -3.71
90.6844 151.92 103.23 -2.84 -3.71 -3.71 -3.71 0.00 0.00 106.07 -3.71
90.8109 151.05 103.23 -2.84 -3.71 -3.71 -3.71 0.07 0.00 106.07 -3.71
90.9318 151.92 103.23 -2.84 -3.71 -3.71 -3.71 0.01 0.00 106.07 -3.71
91.0557 151.05 103.23 -2.84 -3.71 -3.71 -4.58 0.00 0.03 106.07 -3.71
91.1769 151.92 103.23 -3.71 -3.71 -3.71 -4.58 0.02 0.00 106.94 -3.71
91.2977 151.92 103.23 -2.84 -4.58 -3.71 -4.58 0.00 0.00 106.07 -3.71
91.4234 151.92 103.23 -2.84 -4.58 -2.84 -3.71 0.00 0.00 106.07 -2.84
91.5479 151.92 103.23 -2.84 -3.71 -3.71 -4.58 0.00 0.00 106.07 -3.71
91.6696 151.92 103.23 -1.97 -3.71 -3.71 -4.58 0.00 0.07 105.20 -3.71
91.7880 151.05 103.23 -2.84 -3.71 -3.71 -4.58 0.00 0.00 106.07 -3.71
91.9120 151.92 103.23 -2.84 -3.71 -3.71 -4.58 0.00 0.00 106.07 -3.71
92.0346 151.92 104.10 -2.84 -4.58 -3.71 -3.71 0.00 0.00 106.94 -3.71
92.1575 151.05 103.23 -1.97 -4.58 -3.71 -4.58 0.00 0.00 105.20 -3.71
92.2802 151.05 103.23 -2.84 -4.58 -3.71 -4.58 0.00 0.00 106.07 -3.71
92.3997 151.92 103.23 -2.84 -4.58 -3.71 -4.58 0.07 0.00 106.07 -3.71
92.5222 151.05 103.23 -2.84 -3.71 -3.71 -4.58 0.00 0.08 106.07 -3.71
92.6447 151.92 103.23 -2.84 -3.71 -3.71 -4.58 0.00 0.00 106.07 -3.71
92.7643 151.92 104.10 -2.84 -3.71 -3.71 -4.58 0.02 0.00 106.94 -3.71
92.8773 151.92 104.10 -2.84 -3.71 -3.71 -4.58 0.00 0.00 106.94 -3.71
92.9967 151.05 103.23 -2.84 -3.71 -3.71 -3.71 0.00 0.00 106.07 -3.71
93.1202 151.05 103.23 -2.84 -3.71 -4.58 -4.58 0.00 0.00 106.07 -4.58
93.2344 151.05 103.23 -2.84 -3.71 -3.71 -3.71 0.00 0.00 106.07 -3.71
93.3540 151.92 103.23 -2.84 -3.71 -3.71 -3.71 0.00 0.00 106.07 -3.71
93.4813 151.92 103.23 -2.84 -3.71 -3.71 -4.58 0.00 0.04 106.07 -3.71
93.6045 151.05 103.23 -2.84 -3.71 -3.71 -4.58 0.07 0.00 106.07 -3.71
93.7269 151.05 103.23 -2.84 -3.71 -3.71 -3.71 0.00 0.00 106.07 -3.71
93.8508 151.92 103.23 -2.84 -3.71 -2.84 -3.71 0.00 0.00 106.07 -2.84
93.9754 151.92 102.36 -2.84 -3.71 -3.71 -3.71 0.00 0.00 105.20 -3.71
94.0984 151.92 103.23 -2.84 -4.58 -3.71 -5.45 0.01 0.00 106.07 -3.71
94.2225 151.05 103.23 -2.84 -3.71 -3.71 -4.58 0.00 0.00 106.07 -3.71
94.3415 151.92 103.23 -2.84 -3.71 -2.84 -4.58 0.00 0.00 106.07 -2.84
94.4692 151.92 103.23 -2.84 -3.71 -3.71 -4.58 0.00 0.00 106.07 -3.71
94.5919 151.92 104.10 -2.84 -3.71 -3.71 -4.58 0.00 0.00 106.94 -3.71
94.7584 151.92 103.23 -2.84 -3.71 -3.71 -4.58 0.02 0.00 106.07 -3.71
94.9026 151.92 103.23 -2.84 -3.71 -3.71 -4.58 0.07 0.00 106.07 -3.71
95.0241 151.05 103.23 -2.84 -3.71 -3.71 -4.58 0.01 0.00 106.07 -3.71
95.1470 151.05 103.23 -2.84 -4.58 -3.71 -4.58 0.00 0.05 106.07 -3.71
95.2696 151.05 103.23 -2.84 -3.71 -2.84 -3.71 0.00 0.00 106.07 -2.84
95.4457 151.92 103.23 -2.84 -3.71 -4.58 -4.58 0.00 0.00 106.07 -4.58
95.5688 151.92 103.23 -2.84 -3.71 -3.71 -3.71 0.00 0.00 106.07 -3.71
95.6904 151.05 103.23 -2.84 -4.58 -3.71 -4.58 0.00 0.00 106.07 -3.71
95.8158 151.05 103.23 -2.84 -3.71 -3.71 -3.71 0.02 0.00 106.07 -3.71
95.9333 151.92 103.23 -2.84 -3.71 -3.71 -4.58 0.00 0.00 106.07 -3.71
96.0656 151.05 103.23 -2.84 -3.71 -3.71 -3.71 0.00 0.00 106.07 -3.71
96.1884 151.92 103.23 -3.71 -3.71 -3.71 -4.58 0.02 0.00 106.94 -3.71
96.3120 151.92 103.23 -2.84 -4.58 -3.71 -4.58 0.07 0.01 106.07 -3.71
96.4420 151.05 104.10 -2.84 -3.71 -3.71 -3.71 0.00 0.00 106.94 -3.71
96.5607 151.05 103.23 -2.84 -4.58 -3.71 -4.58 0.00 0.00 106.07 -3.71
96.7438 151.05 103.23 -2.84 -4.58 -2.84 -3.71 0.00 0.00 106.07 -2.84
96.8681 151.92 103.23 -2.84 -3.71 -3.71 -4.58 0.08 0.00 106.07 -3.71
96.9916 151.05 103.23 -2.84 -2.84 -3.71 -3.71 0.08 0.02 106.07 -3.71
97.1139 151.92 103.23 -2.84 -3.71 -2.84 -4.58 0.00 0.06 106.07 -2.84
97.2360 151.92 103.23 -2.84 -3.71 -3.71 -4.58 0.00 0.00 106.07 -3.71
97.3583 151.92 104.10 -2.84 -3.71 -3.71 -4.58 0.00 0.00 106.94 -3.71
97.4931 151.92 103.23 -2.84 -3.71 -3.71 -3.71 0.04 0.00 106.07 -3.71
97.6174 151.92 103.23 -2.84 -3.71 -3.71 -4.58 0.00 0.00 106.07 -3.71
97.7444 151.05 103.23 -2.84 -3.71 -3.71 -4.58 0.00 0.05 106.07 -3.71
97.8755 151.05 103.23 -2.84 -3.71 -3.71 -4.58 0.00 0.06 106.07 -3.71
97.9977 151.05 103.23 -2.84 -4.58 -3.71 -4.58 0.00 0.00 106.07 -3.71
98.1258 151.92 103.23 -2.84 -4.58 -3.71 -4.58 0.00 0.00 106.07 -3.71
98.2476 151.92 103.23 -2.84 -4.58 -3.71 -4.58 0.01 0.00 106.07 -3.71
98.3699 151.92 103.23 -1.97 -3.71 -3.71 -4.58 0.00 0.00 105.20 -3.71
98.5082 151.92 103.23 -2.84 -3.71 -3.71 -3.71 0.00 0.00 106.07 -3.71
98.6343 151.92 102.36 -2.84 -3.71 -3.71 -3.71 0.00 0.00 105.20 -3.71
98.7565 151.05 103.23 -2.84 -3.71 -3.71 -3.71 0.00 0.00 106.07 -3.71
98.8796 151.92 103.23 -1.97 -3.71 -2.84 -4.58 0.00 0.00 105.20 -2.84
99.0018 151.05 103.23 -2.84 -3.71 -3.71 -4.58 0.01 0.00 106.07 -3.71
99.1204 151.05 103.23 -3.71 -3.71 -3.71 -4.58 0.00 0.00 106.94 -3.71
99.2425 151.92 103.23 -2.84 -3.71 -3.71 -4.58 0.02 0.01 106.07 -3.71
99.3652 151.92 103.23 -2.84 -4.58 -3.71 -4.58 0.00 0.00 106.07 -3.71
