time[sec] P_G1 [KPa] P_D1 [KPa] P_S1 [KPa] P_G2 [KPa] P_D2 [KPa] P_Act [KPa] Q1 [M^3/s] Q2 [M^3/s] P_DS1 [KPa] P_DS2 [KPa]
09 29 19 14:43:11
9.9683 0.14 0.01 -0.24 0.64 0.76 11.02 77.43 0.00 0.25 0.76
11.9786 -0.11 0.01 -0.24 0.64 0.64 2.01 0.00 116.14 0.25 0.64
13.9346 -0.11 0.01 -0.24 0.64 0.76 12.15 77.43 96.78 0.25 0.76
15.9595 -0.24 0.01 -0.24 0.64 0.76 -0.36 96.78 96.78 0.25 0.76
17.9376 -0.11 0.14 -0.24 0.64 0.76 9.40 154.85 96.78 0.38 0.76
19.9369 0.01 0.01 -0.24 0.64 0.76 13.78 96.78 96.78 0.25 0.76
21.9297 -0.11 0.14 -0.24 0.64 0.64 1.51 58.07 329.07 0.38 0.64
23.9250 -0.11 0.01 -0.24 0.64 0.64 2.89 96.78 329.07 0.25 0.64
25.9695 -0.11 0.01 -0.24 0.51 0.64 11.65 77.43 96.78 0.25 0.64
27.9846 -0.11 0.14 -0.36 0.51 0.76 12.65 77.43 193.57 0.50 0.76
39.9389 11.40 13.90 -0.24 0.76 0.64 8.52 38.71 0.00 14.14 0.64
41.9298 11.40 14.15 -0.24 0.64 0.76 5.89 232.28 38.71 14.39 0.76
43.9157 11.27 14.03 -0.24 0.64 0.64 5.02 38.71 19.36 14.26 0.64
45.9086 11.27 13.90 -0.24 0.64 0.64 3.64 58.07 58.07 14.14 0.64
49.9513 11.27 13.90 -0.24 0.64 0.64 12.27 0.00 38.71 14.14 0.64
51.9380 11.15 13.90 -0.24 0.64 0.64 3.02 38.71 0.00 14.14 0.64
53.9435 11.15 13.78 -0.24 0.64 0.76 12.90 38.71 58.07 14.01 0.76
55.9289 11.27 13.78 -0.36 0.51 0.64 12.15 38.71 0.00 14.14 0.64
57.9133 11.15 13.78 -0.24 0.64 0.64 12.15 38.71 0.00 14.01 0.64
69.9629 23.54 24.29 -0.24 0.64 0.64 7.77 38.71 58.07 24.52 0.64
71.9697 23.54 24.29 -0.36 0.64 0.64 12.02 38.71 77.43 24.65 0.64
73.9588 23.54 24.29 -0.24 0.64 0.64 14.40 19.36 96.78 24.52 0.64
75.9743 23.54 24.29 -0.36 0.64 0.64 5.02 38.71 0.00 24.65 0.64
77.9580 23.54 24.41 -0.24 0.64 0.76 12.15 38.71 58.07 24.65 0.76
79.9567 23.54 24.29 -0.24 0.64 0.76 13.65 174.21 77.43 24.52 0.76
81.9560 23.66 24.29 -0.24 0.64 0.64 12.90 212.92 58.07 24.52 0.64
83.9616 23.54 24.29 -0.24 0.64 0.64 5.64 0.00 96.78 24.52 0.64
85.9850 23.41 24.29 -0.24 0.51 0.64 12.40 38.71 0.00 24.52 0.64
87.8969 23.41 24.29 -0.24 0.51 0.76 5.89 38.71 0.00 24.52 0.76
99.9288 25.66 26.29 -0.24 0.64 0.76 12.40 270.99 116.14 26.53 0.76
101.9521 25.79 26.29 -0.24 0.64 0.64 1.26 96.78 116.14 26.53 0.64
103.9506 25.66 26.29 -0.24 0.64 0.64 6.27 0.00 212.92 26.53 0.64
105.9786 25.66 26.29 -0.24 0.64 0.76 12.52 0.00 116.14 26.53 0.76
107.9595 25.66 26.29 -0.24 0.64 0.76 9.52 96.78 96.78 26.53 0.76
109.9537 25.66 26.29 -0.36 0.64 0.64 3.89 135.50 135.50 26.65 0.64
111.9340 25.54 26.29 -0.24 0.64 0.76 14.40 116.14 0.00 26.53 0.76
113.9442 25.66 26.29 -0.11 0.64 0.76 3.14 232.28 116.14 26.40 0.76
115.9143 25.91 26.29 -0.24 0.64 0.64 12.15 232.28 96.78 26.53 0.64
117.9264 25.41 26.29 -0.24 0.64 0.64 2.77 96.78 0.00 26.53 0.64
129.8982 25.54 26.29 -0.24 0.64 0.76 5.39 0.00 116.14 26.53 0.76
131.9659 25.54 26.16 -0.24 0.64 0.51 9.15 270.99 135.50 26.40 0.51
133.9488 25.66 26.16 -0.24 0.64 0.64 1.01 96.78 116.14 26.40 0.64
135.9288 25.54 26.29 -0.24 0.51 0.64 8.65 96.78 329.07 26.53 0.64
137.9126 25.54 26.29 -0.24 0.51 0.64 2.52 96.78 135.50 26.53 0.64
139.9819 25.54 26.29 -0.24 0.64 0.64 2.64 116.14 348.42 26.53 0.64
141.9638 25.54 26.16 -0.24 0.64 0.64 10.52 212.92 116.14 26.40 0.64
143.9351 25.79 26.29 -0.24 0.51 0.64 7.02 96.78 0.00 26.53 0.64
145.8956 25.54 26.16 -0.24 0.64 0.64 13.15 96.78 154.85 26.40 0.64
147.9025 25.54 26.29 -0.24 0.64 0.64 5.52 251.64 116.14 26.53 0.64
159.9343 25.54 26.29 -0.24 0.64 0.64 6.14 270.99 96.78 26.53 0.64
161.9174 25.66 26.29 -0.24 0.64 0.64 10.52 193.57 309.71 26.53 0.64
163.8926 25.54 26.16 -0.24 0.51 0.76 12.90 96.78 77.43 26.40 0.76
164.9929 25.54 26.29 -0.24 0.64 0.64 1.39 0.00 116.14 26.53 0.64
time[sec] P_G1 [KPa] P_D1 [KPa] P_S1 [KPa] P_G2 [KPa] P_D2 [KPa] P_Act [KPa] Q1 [M^3/s] Q2 [M^3/s] P_DS1 [KPa] P_DS2 [KPa]
09 29 19 14:50:07
9.9300 0.01 0.01 -0.24 0.51 0.64 14.90 77.43 77.43 0.25 0.64
11.9400 -0.11 0.01 -0.24 0.51 0.51 6.27 77.43 77.43 0.25 0.51
13.9517 -0.11 0.01 -0.24 0.51 0.64 4.39 77.43 116.14 0.25 0.64
15.9137 0.14 0.01 -0.24 0.64 0.64 4.27 77.43 0.00 0.25 0.64
17.8956 0.01 0.01 -0.24 0.51 0.64 12.15 135.50 96.78 0.25 0.64
18.0067 -0.11 0.01 -0.24 0.51 0.64 0.14 58.07 193.57 0.25 0.64
19.9801 -0.36 0.01 -0.24 0.64 0.64 13.15 77.43 348.42 0.25 0.64
21.9338 -0.11 0.01 -0.24 0.51 0.64 5.39 0.00 77.43 0.25 0.64
23.9327 -0.11 0.01 -0.24 0.51 0.64 4.27 77.43 154.85 0.25 0.64
25.9513 -0.11 0.14 -0.24 0.39 0.64 6.52 77.43 77.43 0.38 0.64
27.9304 0.01 0.14 -0.24 0.64 0.76 13.03 58.07 96.78 0.38 0.76
39.9670 11.40 14.15 -0.24 0.51 0.64 11.65 58.07 58.07 14.39 0.64
41.9437 11.27 14.03 -0.24 0.51 0.51 11.65 38.71 58.07 14.26 0.51
43.9536 11.27 13.90 -0.24 0.51 0.64 4.02 212.92 38.71 14.14 0.64
45.9488 11.27 14.03 -0.24 0.51 0.64 5.77 38.71 290.35 14.26 0.64
47.9417 11.27 13.90 -0.24 0.51 0.64 3.77 19.36 77.43 14.14 0.64
49.9536 11.27 13.90 -0.24 0.51 0.76 12.27 58.07 77.43 14.14 0.76
51.9227 11.15 13.90 -0.24 0.51 0.64 12.15 0.00 0.00 14.14 0.64
53.9046 11.15 13.90 -0.24 0.51 0.64 3.02 116.14 38.71 14.14 0.64
55.8978 11.15 13.90 -0.24 0.51 0.51 11.27 193.57 58.07 14.14 0.51
56.0048 11.15 13.78 -0.24 0.51 0.64 3.52 19.36 19.36 14.01 0.64
57.9069 11.15 13.78 -0.24 0.51 0.64 11.90 212.92 58.07 14.01 0.64
69.9988 24.04 24.41 0.01 0.89 0.89 5.77 96.78 116.14 24.40 0.89
71.9817 23.79 24.29 -0.11 0.64 0.64 43.43 38.71 0.00 24.40 0.64
73.9755 23.66 24.29 -0.11 0.76 0.76 14.40 0.00 77.43 24.40 0.76
75.9912 23.54 24.04 -0.24 0.64 0.76 24.91 309.71 58.07 24.27 0.76
77.9693 24.29 24.91 -0.11 0.64 0.64 18.78 290.35 367.78 25.02 0.64
79.9764 24.16 25.04 -0.36 0.64 0.89 36.67 96.78 212.92 25.40 0.89
81.9710 24.16 24.91 -0.36 0.76 0.76 46.43 38.71 0.00 25.27 0.76
83.9590 24.04 24.91 -0.36 0.76 0.76 9.15 58.07 58.07 25.27 0.76
85.9483 24.04 24.91 -0.11 1.39 1.26 17.28 232.28 38.71 25.02 1.26
87.9143 24.04 24.79 -0.11 0.89 1.01 -0.86 58.07 0.00 24.90 1.01
99.9796 25.79 26.41 0.01 0.64 0.64 14.65 96.78 367.78 26.40 0.64
101.9831 25.79 26.41 -0.11 0.64 0.64 2.39 96.78 387.14 26.53 0.64
103.9985 25.91 26.41 -0.11 0.76 0.64 16.40 116.14 174.21 26.53 0.64
105.9943 25.79 26.41 0.01 0.64 0.64 2.77 174.21 135.50 26.40 0.64
107.9535 25.91 26.41 0.01 0.64 0.51 0.39 116.14 348.42 26.40 0.51
109.9254 25.79 26.41 0.01 0.64 0.64 10.90 116.14 0.00 26.40 0.64
111.9116 25.79 26.41 0.01 0.64 0.51 12.90 135.50 116.14 26.40 0.51
113.8916 25.79 26.41 0.01 0.64 0.39 2.89 0.00 116.14 26.40 0.39
114.0005 25.79 26.41 0.01 0.64 0.51 13.65 135.50 116.14 26.40 0.51
115.9873 25.79 26.41 0.01 0.64 0.64 7.77 96.78 116.14 26.40 0.64
117.9413 25.91 26.41 -0.11 0.64 0.76 3.89 270.99 116.14 26.53 0.76
129.9519 25.79 26.41 -0.11 0.64 0.51 3.39 96.78 0.00 26.53 0.51
131.9574 25.79 26.41 -0.11 0.64 0.51 4.14 77.43 116.14 26.53 0.51
133.9724 26.04 26.41 -0.11 0.64 0.64 0.51 96.78 116.14 26.53 0.64
135.9779 25.79 26.41 -0.11 0.64 0.51 3.02 0.00 116.14 26.53 0.51
137.9900 25.91 26.41 -0.11 0.64 0.51 4.52 251.64 116.14 26.53 0.51
139.9591 25.79 26.41 -0.11 0.64 0.51 3.27 251.64 116.14 26.53 0.51
141.9496 25.66 26.29 -0.11 0.64 0.39 10.90 0.00 116.14 26.40 0.39
143.9253 25.79 26.41 -0.11 0.64 0.51 3.64 58.07 116.14 26.53 0.51
145.9132 25.79 26.41 0.01 0.64 0.64 9.52 96.78 96.78 26.40 0.64
147.8855 25.79 26.29 -0.11 0.51 0.51 9.27 96.78 0.00 26.40 0.51
148.0009 25.79 26.29 0.01 0.64 0.64 11.90 96.78 19.36 26.28 0.64
150.9853 25.79 26.29 -0.11 0.64 0.64 9.90 174.21 116.14 26.40 0.64
