time[sec] P_G1 [KPa] P_D1 [KPa] P_S1 [KPa] P_G2 [KPa] P_D2 [KPa] P_Act [KPa] Q1 [M^3/s] Q2 [M^3/s] P_DS1 [KPa] P_DS2 [KPa]
07 17 19 12:56:48
30.0148 -0.29 -0.03 -0.41 -0.03 -0.03 -0.16 0.00 0.00 0.38 -0.03
60.0873 -0.29 1.98 0.34 -0.03 -0.03 -0.29 102.64 0.00 1.64 -0.03
90.0276 -0.29 4.13 1.61 0.09 -0.16 -0.16 166.18 0.00 2.52 -0.16
120.0579 -0.29 6.15 2.74 0.22 -0.16 -0.16 211.14 0.00 3.40 -0.16
150.0435 -0.29 8.16 4.00 0.09 -0.03 -0.16 206.74 0.00 4.16 -0.03
180.0902 -0.29 10.05 5.14 0.09 -0.03 -0.16 206.26 0.00 4.92 -0.03
210.0512 -0.29 12.20 6.40 0.09 -0.03 -0.16 206.74 0.00 5.80 -0.03
240.0041 -0.29 14.34 7.78 0.09 -0.03 -0.16 206.26 0.00 6.56 -0.03
270.0879 -0.29 16.36 9.05 -0.03 -0.16 -0.16 211.63 0.00 7.31 -0.16
300.0124 -0.29 18.50 10.43 0.09 -0.16 -0.29 206.74 0.00 8.07 -0.16
330.0972 -0.29 20.65 11.82 0.09 -0.16 -0.16 210.17 0.00 8.83 -0.16
time[sec] P_G1 [KPa] P_D1 [KPa] P_S1 [KPa] P_G2 [KPa] P_D2 [KPa] P_Act [KPa] Q1 [M^3/s] Q2 [M^3/s] P_DS1 [KPa] P_DS2 [KPa]
07 17 19 13:13:23
30.0039 4.88 0.09 -0.41 0.09 -0.03 -0.16 0.00 0.00 0.50 -0.03
60.0577 4.88 1.98 -0.41 -0.03 -0.16 -0.29 0.00 0.00 2.40 -0.16
90.0890 4.88 4.00 -0.29 0.09 -0.03 -0.16 0.00 0.00 4.29 -0.03
120.0435 4.88 6.02 -0.29 0.09 -0.03 -0.16 0.00 0.00 6.30 -0.03
150.0635 4.88 8.04 -0.29 0.09 -0.03 -0.16 0.00 0.00 8.32 -0.03
180.0411 4.76 10.18 5.01 0.09 -0.03 -0.29 209.19 0.00 5.17 -0.03
210.0713 4.76 12.32 6.40 0.09 -0.03 -0.41 210.17 0.00 5.93 -0.03
240.0653 4.76 14.22 7.78 -0.03 -0.03 -0.29 206.74 0.00 6.43 -0.03
270.0562 4.76 16.49 9.05 -0.03 -0.03 -0.29 210.17 0.00 7.44 -0.03
300.0273 4.76 18.50 10.31 0.09 -0.03 -0.16 206.26 0.00 8.20 -0.03
330.0615 4.76 20.77 11.95 0.09 -0.16 -0.29 207.72 0.00 8.83 -0.16
time[sec] P_G1 [KPa] P_D1 [KPa] P_S1 [KPa] P_G2 [KPa] P_D2 [KPa] P_Act [KPa] Q1 [M^3/s] Q2 [M^3/s] P_DS1 [KPa] P_DS2 [KPa]
07 17 19 13:20:57
60.0684 9.80 1.98 -0.29 0.09 -0.03 -0.16 0.00 0.00 2.27 -0.03
90.0243 9.68 4.00 -0.29 0.09 -0.03 -0.29 0.00 0.00 4.29 -0.03
120.0234 9.68 6.02 -0.41 0.09 -0.16 -0.29 0.00 0.00 6.43 -0.16
150.0582 9.68 8.04 -0.29 0.09 -0.03 -0.16 0.00 0.00 8.32 -0.03
180.0805 10.05 9.93 -0.29 0.09 -0.03 -0.29 0.00 0.00 10.21 -0.03
210.0107 9.93 12.20 -0.29 0.09 -0.03 -0.03 0.00 0.00 12.48 -0.03
240.0303 9.93 14.09 -0.16 0.09 0.09 -0.29 0.00 0.00 14.25 0.09
270.0445 9.93 16.23 0.34 -0.03 -0.03 -0.16 0.00 0.00 15.89 -0.03
300.0626 9.68 18.50 10.31 -0.03 -0.03 -0.29 210.65 0.00 8.20 -0.03
330.0360 9.68 20.65 11.82 0.09 -0.03 -0.16 211.14 0.00 8.83 -0.03
time[sec] P_G1 [KPa] P_D1 [KPa] P_S1 [KPa] P_G2 [KPa] P_D2 [KPa] P_Act [KPa] Q1 [M^3/s] Q2 [M^3/s] P_DS1 [KPa] P_DS2 [KPa]
07 17 19 13:29:40
30.0960 15.10 0.09 -0.29 0.09 -0.03 -0.29 0.00 0.00 0.38 -0.03
60.0234 14.97 1.98 -0.29 0.09 -0.16 -0.16 0.00 0.00 2.27 -0.16
120.0922 14.97 6.02 -0.41 0.09 -0.03 -0.16 0.00 0.00 6.43 -0.03
150.0951 14.97 8.04 -0.41 0.09 -0.03 -0.16 0.00 0.00 8.45 -0.03
180.0069 14.97 10.05 -0.41 0.09 -0.16 -0.16 0.00 0.00 10.47 -0.16
210.0057 14.97 12.07 -0.41 0.09 -0.16 -0.16 0.00 0.00 12.48 -0.16
240.0699 14.85 14.22 -0.41 0.09 -0.03 -0.29 0.00 0.00 14.63 -0.03
270.0092 14.85 16.23 -0.29 0.09 -0.16 -0.16 0.00 0.00 16.52 -0.16
300.0883 14.97 18.38 -0.16 0.09 -0.16 -0.29 0.00 0.00 18.54 -0.16
330.0625 14.85 20.39 -0.03 0.09 -0.03 -0.16 0.00 0.00 20.43 -0.03
time[sec] P_G1 [KPa] P_D1 [KPa] P_S1 [KPa] P_G2 [KPa] P_D2 [KPa] P_Act [KPa] Q1 [M^3/s] Q2 [M^3/s] P_DS1 [KPa] P_DS2 [KPa]
07 17 19 13:36:21
30.0691 20.02 0.09 -0.41 0.09 -0.03 -0.29 0.00 0.00 0.50 -0.03
60.0672 20.02 1.98 -0.41 0.09 -0.03 -0.16 0.00 0.00 2.40 -0.03
90.0556 20.14 4.13 -0.41 0.09 -0.03 -0.29 0.00 0.00 4.54 -0.03
120.0248 20.14 6.02 -0.29 0.09 -0.03 -0.16 0.00 0.00 6.30 -0.03
150.0985 20.14 8.16 -0.41 0.09 -0.16 -0.29 0.00 0.00 8.57 -0.16
180.0022 20.14 10.18 -0.41 0.09 -0.03 -0.16 0.00 0.00 10.59 -0.03
210.0976 20.14 12.20 -0.29 -0.03 -0.03 -0.29 0.00 0.00 12.48 -0.03
240.0665 20.14 14.22 -0.41 0.09 -0.03 -0.29 0.00 0.00 14.63 -0.03
270.0582 20.02 16.36 -0.41 -0.03 -0.16 -0.29 0.00 0.00 16.77 -0.16
300.0954 20.02 18.25 -0.41 -0.03 -0.03 -0.16 0.00 0.00 18.66 -0.03
330.0607 20.14 20.39 -0.41 0.09 -0.16 -0.29 0.00 0.00 20.81 -0.16
