time[sec] Pin[KPa] Pout[KPa]
06 26 19 14:03:12
0.0887 0.28 0.41
0.1764 0.28 0.41
0.2204 0.28 0.41
0.2564 0.28 0.41
0.2940 0.28 0.41
0.3428 0.28 0.41
0.3808 0.28 0.41
0.4175 0.28 0.41
0.4526 0.28 0.41
0.4890 0.28 0.41
0.5242 0.28 0.41
0.5561 0.28 0.41
0.5977 0.28 0.41
0.6337 0.28 0.41
0.6705 0.28 0.41
0.7075 0.28 0.28
0.7444 0.28 0.41
0.7820 0.28 0.41
0.8203 0.28 0.41
0.8626 0.28 0.41
0.8994 0.41 0.41
0.9376 0.28 0.41
0.9733 0.28 0.41
1.0110 0.28 0.41
1.0559 0.28 0.41
1.0933 0.28 0.41
1.1245 0.28 0.41
1.1621 0.28 0.41
1.2000 0.28 0.41
1.2370 0.28 0.41
1.2717 0.28 0.41
1.3089 0.28 0.41
1.3461 0.28 0.41
1.3834 0.28 0.41
1.4212 0.28 0.41
1.4581 0.28 0.41
1.4928 0.28 0.41
1.5311 0.28 0.41
1.5674 0.28 0.41
1.6049 0.28 0.41
1.6418 0.28 0.41
1.6779 0.28 0.41
1.7159 0.28 0.41
1.7523 0.28 0.41
1.7876 0.15 0.41
1.8264 0.28 0.41
1.8637 0.28 0.41
1.8963 0.28 0.41
1.9325 0.28 0.41
1.9698 0.28 0.28
2.0080 0.28 0.28
2.0521 0.28 0.41
2.0874 0.28 0.41
2.1248 0.28 0.41
2.1638 0.28 0.41
2.2044 0.28 0.41
2.2397 0.28 0.41
2.2724 0.15 0.28
2.3089 0.28 0.41
2.3467 0.28 0.41
2.3835 0.28 0.28
2.4195 0.28 0.28
2.4575 0.28 0.28
2.4941 0.15 0.41
2.5299 0.28 0.41
2.5686 0.28 0.28
2.6078 0.28 0.41
2.6447 0.28 0.41
2.6819 0.15 0.41
2.7188 0.28 0.41
2.7566 0.28 0.41
2.7923 0.28 0.41
2.8310 0.28 0.41
2.8667 0.28 0.41
2.9031 0.15 0.41
2.9409 0.28 0.41
2.9773 0.28 0.41
3.0197 0.28 0.41
3.0630 0.28 0.41
3.1002 0.28 0.41
3.1372 0.28 0.41
3.1739 0.28 0.41
3.2108 0.28 0.41
3.2488 0.28 0.41
3.2829 0.28 0.41
3.3199 0.28 0.41
3.3565 0.28 0.41
3.3954 0.28 0.41
3.4304 0.28 0.41
3.4671 0.28 0.41
3.5055 0.28 0.41
3.5382 0.28 0.41
3.5749 0.28 0.41
3.6110 0.28 0.41
3.6481 0.28 0.41
3.6859 0.28 0.41
3.7220 0.28 0.41
3.7608 0.15 0.41
3.7974 0.28 0.41
3.8291 0.28 0.41
3.8639 0.28 0.41
3.8992 0.28 0.41
3.9372 0.28 0.41
3.9710 0.28 0.41
4.0090 0.28 0.28
4.0508 0.28 0.41
4.0864 0.28 0.41
4.1225 0.28 0.41
4.1609 0.28 0.41
4.1965 0.28 0.41
4.2336 0.28 0.41
4.2696 0.28 0.41
4.3080 0.28 0.41
4.3448 0.28 0.41
4.3811 0.28 0.41
4.4197 0.28 0.41
4.4537 0.15 0.41
4.4877 0.28 0.41
4.5248 0.28 0.41
4.5623 0.28 0.41
4.5989 0.28 0.41
4.6351 0.28 0.41
4.6688 0.28 0.41
4.7041 0.28 0.41
4.7440 0.28 0.41
4.7806 0.28 0.41
4.8171 0.15 0.41
4.8513 0.15 0.54
4.8855 0.15 0.41
4.9233 0.28 0.41
4.9582 0.28 0.41
4.9956 0.28 0.41
5.0397 0.28 0.28
5.0780 0.28 0.41
5.1150 0.28 0.41
5.1518 0.28 0.41
5.1881 0.15 0.41
5.2249 0.28 0.41
5.2587 0.15 0.41
5.2957 0.28 0.41
5.3323 0.28 0.41
5.3682 0.28 0.41
5.4066 0.28 0.41
5.4439 0.28 0.41
5.4755 0.28 0.41
5.5126 0.28 0.41
5.5500 0.28 0.41
5.5850 0.28 0.41
5.6226 0.28 0.41
5.6591 0.15 0.28
5.6968 0.28 0.41
5.7328 0.28 0.41
5.7729 0.28 0.41
5.8108 0.28 0.28
5.8478 0.28 0.41
5.8849 0.15 0.41
5.9204 0.28 0.41
5.9576 0.28 0.41
5.9955 0.28 0.41
6.0449 0.28 0.41
6.0848 0.28 0.41
6.1187 0.28 0.41
6.1561 0.28 0.41
6.1908 0.28 0.41
6.2291 0.28 0.41
6.2654 0.28 0.41
6.3035 0.15 0.41
6.3404 0.28 0.41
6.3748 0.28 0.41
6.4080 0.28 0.41
6.4458 0.28 0.41
6.4790 0.28 0.41
6.5142 0.28 0.41
6.5488 0.28 0.28
6.5858 0.28 0.41
6.6190 0.15 0.41
6.6555 0.28 0.41
6.6880 0.28 0.41
6.7210 0.28 0.41
6.7572 0.28 0.41
6.7935 0.28 0.41
6.8309 0.28 0.41
6.8692 0.15 0.41
6.9050 0.15 0.41
6.9417 0.15 0.41
6.9830 0.28 0.41
7.0255 0.28 0.41
7.0638 0.28 0.41
7.1012 0.28 0.41
7.1379 0.28 0.41
7.1755 0.28 0.41
7.2119 0.15 0.41
7.2493 0.28 0.41
7.2863 0.28 0.41
7.3219 0.28 0.41
7.3595 0.28 0.41
7.3973 0.28 0.41
7.4334 0.28 0.41
7.4698 0.28 0.41
7.5084 0.28 0.41
7.5439 0.28 0.41
7.5769 0.28 0.41
7.6141 0.28 0.41
7.6493 0.28 0.41
7.6831 0.28 0.41
7.7208 0.28 0.41
7.7675 0.28 0.41
7.8063 0.28 0.41
7.8425 0.28 0.41
7.8815 0.28 0.41
7.9208 0.28 0.41
7.9583 0.15 0.41
7.9951 0.28 0.41
8.0414 0.28 0.28
8.0805 0.28 0.41
8.1181 0.28 0.41
8.1543 0.28 0.28
8.1892 0.28 0.41
8.2240 0.28 0.41
8.2590 0.28 0.28
8.2974 0.28 0.41
8.3342 0.28 0.41
8.3695 0.28 0.41
8.4042 0.28 0.28
8.4401 0.28 0.41
8.4772 0.28 0.28
8.5143 0.28 0.41
8.5510 0.28 0.41
8.5879 0.28 0.41
8.6262 0.28 0.41
8.6570 0.28 0.41
8.6942 0.28 0.41
8.7318 0.28 0.41
8.7691 0.28 0.41
8.8017 0.28 0.41
8.8381 0.28 0.41
8.8748 0.28 0.41
8.9117 0.28 0.41
8.9446 0.15 0.41
8.9823 0.15 0.41
9.0206 0.28 0.41
9.0600 0.28 0.41
9.0964 0.15 0.41
9.1327 0.28 0.41
9.1721 0.28 0.41
9.2119 0.28 0.28
9.2542 0.28 0.41
9.2927 0.28 0.41
9.3280 0.28 0.41
9.3623 0.15 0.41
9.3993 0.28 0.41
9.4376 0.28 0.41
9.4675 0.28 0.41
9.5055 0.28 0.28
9.5423 0.28 0.41
9.5791 0.28 0.41
9.6172 0.28 0.41
9.6542 0.28 0.41
9.6886 0.28 0.41
9.7262 0.28 0.28
9.7621 0.28 0.41
9.7997 0.28 0.41
9.8374 0.28 0.41
9.8742 0.28 0.41
9.9125 0.28 0.41
9.9485 0.28 0.41
9.9834 0.28 0.41
10.0223 0.28 0.41
10.0639 0.28 0.28
10.0998 0.28 0.41
10.1372 0.28 0.41
10.1751 0.28 0.41
10.2060 0.28 0.41
10.2438 0.28 0.28
10.2797 0.15 0.41
10.3171 0.28 0.41
10.3538 0.28 0.41
10.3901 0.15 0.28
10.4269 0.15 0.41
10.4640 0.28 0.41
10.5021 0.15 0.41
10.5381 0.28 0.41
10.5716 0.28 0.41
10.6115 0.28 0.41
10.6469 0.28 0.41
10.6813 0.28 0.41
10.7203 0.28 0.41
10.7603 0.28 0.41
10.7964 0.28 0.41
10.8320 0.28 0.41
10.8679 0.28 0.41
10.9036 0.28 0.41
10.9393 0.28 0.41
10.9768 0.28 0.41
11.0135 0.28 0.28
11.0569 0.28 0.41
11.0960 0.28 0.28
11.1359 0.28 0.41
11.1723 0.15 0.41
11.2099 0.28 0.41
11.2467 0.28 0.41
11.2842 0.28 0.41
11.3191 0.28 0.41
11.3609 0.28 0.41
11.3981 0.28 0.41
11.4358 0.28 0.41
11.4701 0.28 0.41
11.5087 0.28 0.41
11.5419 0.28 0.28
11.5788 0.15 0.41
11.6146 0.28 0.41
11.6523 0.28 0.41
11.6850 0.28 0.41
11.7216 0.28 0.41
11.7583 0.28 0.41
11.7956 0.28 0.41
11.8330 0.15 0.41
11.8696 0.28 0.41
11.9066 0.15 0.41
11.9468 0.15 0.41
11.9839 0.28 0.41
12.0262 0.15 0.41
12.0647 0.28 0.28
12.1012 0.28 0.41
12.1358 0.28 0.41
12.1723 0.15 0.28
12.2097 0.28 0.41
12.2444 0.28 0.41
12.2829 0.15 0.41
12.3193 0.28 0.41
12.3548 0.28 0.41
12.3938 0.28 0.41
12.4314 0.28 0.41
12.4666 0.15 0.28
12.5027 0.28 0.41
12.5393 0.41 0.28
12.5761 0.28 0.41
12.6130 0.28 0.41
12.6503 0.28 0.41
12.6884 0.28 0.41
12.7256 0.28 0.41
12.7635 0.28 0.41
12.7978 0.28 0.41
12.8351 0.28 0.41
12.8739 0.28 0.41
12.9088 0.28 0.41
12.9460 0.28 0.41
12.9824 0.28 0.41
13.0272 0.28 0.41
13.0644 0.15 0.41
13.1020 0.28 0.41
13.1391 0.28 0.41
13.1756 0.15 0.41
13.2145 0.28 0.41
13.2530 0.28 0.41
13.2904 0.15 0.41
13.3265 0.28 0.41
13.3658 0.28 0.41
13.4022 0.28 0.41
13.4335 0.28 0.28
13.4692 0.15 0.41
13.5053 0.28 0.41
13.5402 0.28 0.41
13.5774 0.28 0.41
13.6122 0.28 0.41
13.6497 0.28 0.41
13.6876 0.28 0.41
13.7247 0.28 0.41
13.7617 0.28 0.41
13.8005 0.28 0.41
13.8393 0.15 0.41
13.8762 0.28 0.28
13.9110 0.28 0.41
13.9439 0.28 0.41
13.9773 0.28 0.28
14.0177 0.28 0.41
14.0563 0.28 0.41
14.0935 0.28 0.41
14.1306 0.28 0.41
14.1667 0.28 0.41
14.2038 0.28 0.41
14.2406 0.28 0.28
14.2767 0.28 0.41
14.3160 0.28 0.41
14.3531 0.28 0.41
14.3902 0.28 0.28
14.4259 0.28 0.41
14.4607 0.28 0.41
14.5000 0.28 0.41
14.5343 0.28 0.41
14.5710 0.28 0.41
14.6052 0.28 0.28
14.6429 0.28 0.41
14.6785 0.28 0.28
14.7177 0.28 0.41
14.7515 0.28 0.41
14.7898 0.28 0.41
14.8266 0.28 0.28
14.8615 0.28 0.41
14.8998 0.15 0.41
14.9363 0.28 0.41
14.9753 0.28 0.41
15.0135 0.28 0.41
15.0561 0.28 0.41
15.0930 0.28 0.41
15.1259 0.28 0.41
15.1616 0.28 0.41
15.2007 0.28 0.41
15.2356 0.28 0.41
15.2733 0.28 0.28
15.3085 0.28 0.41
15.3453 0.28 0.41
15.3799 0.28 0.41
15.4158 0.15 0.28
15.4523 0.28 0.41
15.4906 0.28 0.28
15.5228 0.28 0.41
15.5554 0.28 0.41
15.5921 0.28 0.41
15.6293 0.28 0.41
15.6664 0.15 0.41
15.7027 0.28 0.41
15.7403 0.28 0.41
15.7781 0.15 0.41
15.8101 0.28 0.41
15.8462 0.15 0.41
15.8828 0.28 0.41
15.9197 0.28 0.41
15.9571 0.28 0.41
15.9941 0.28 0.41
16.0370 0.28 0.28
16.0764 0.28 0.28
16.1120 0.28 0.41
16.1488 0.28 0.28
16.1856 0.28 0.41
16.2222 0.28 0.41
16.2602 0.15 0.28
16.2966 0.15 0.41
16.3329 0.15 0.41
16.3689 0.15 0.41
16.4070 0.28 0.41
16.4430 0.28 0.41
16.4851 0.15 0.28
16.5216 0.28 0.28
16.5602 0.28 0.28
16.5960 0.28 0.41
16.6284 0.15 0.41
16.6691 0.28 0.41
16.7069 0.28 0.41
16.7419 0.28 0.41
16.7761 0.28 0.41
16.8135 0.28 0.41
16.8535 0.28 0.41
16.8920 0.28 0.41
16.9242 0.28 0.41
16.9586 0.28 0.41
16.9964 0.28 0.41
17.0413 0.15 0.28
17.0778 0.28 0.41
17.1161 0.28 0.41
17.1525 0.15 0.41
17.1887 0.28 0.41
17.2218 0.28 0.41
17.2586 0.28 0.28
17.2955 0.28 0.41
17.3329 0.15 0.28
17.3679 0.28 0.41
17.4020 0.15 0.41
17.4393 0.15 0.41
17.4770 0.28 0.41
17.5136 0.28 0.41
17.5516 0.28 0.41
17.5821 0.28 0.41
17.6205 0.28 0.28
17.6507 0.28 0.41
17.6859 0.28 0.41
17.7205 0.28 0.28
17.7577 0.28 0.41
17.7952 0.28 0.41
17.8317 0.15 0.41
17.8705 0.28 0.41
17.9071 0.28 0.41
17.9394 0.28 0.28
17.9753 0.28 0.41
18.0173 0.28 0.41
18.0567 0.28 0.28
18.0908 0.28 0.28
18.1288 0.28 0.28
18.1649 0.28 0.41
18.2006 0.28 0.41
18.2379 0.28 0.28
18.2757 0.28 0.41
18.3124 0.28 0.41
18.3478 0.28 0.41
18.3820 0.28 0.41
18.4144 0.28 0.41
18.4492 0.28 0.41
18.4838 0.15 0.41
18.5191 0.28 0.41
18.5535 0.28 0.41
18.5882 0.28 0.41
18.6250 0.28 0.41
18.6644 0.28 0.41
18.7015 0.28 0.41
18.7367 0.28 0.41
18.7710 0.28 0.41
18.8047 0.28 0.41
18.8420 0.28 0.41
18.8752 0.28 0.41
18.9102 0.28 0.41
18.9453 0.28 0.41
18.9830 0.15 0.41
19.0247 0.28 0.41
19.0602 0.28 0.41
19.1037 0.28 0.41
19.1386 0.28 0.41
19.1756 0.28 0.41
19.2123 0.28 0.41
19.2506 0.28 0.41
19.2869 0.28 0.41
19.3278 0.28 0.41
19.3635 0.15 0.41
19.4007 0.28 0.41
19.4385 0.28 0.41
19.4763 0.28 0.41
19.5098 0.28 0.41
19.5494 0.28 0.41
19.5860 0.28 0.41
19.6186 0.15 0.41
19.6554 0.28 0.41
19.6929 0.28 0.41
19.7273 0.28 0.41
19.7610 0.28 0.41
19.7995 0.28 0.41
19.8355 0.28 0.41
19.8711 0.28 0.41
19.9076 0.28 0.41
19.9399 0.28 0.41
19.9748 0.28 0.41
20.0214 0.28 0.41
20.0617 0.28 0.28
20.0980 0.28 0.41
20.1357 0.28 0.41
20.1674 0.28 0.41
20.2073 0.28 0.41
20.2448 0.28 0.41
20.2819 0.15 0.41
20.3199 0.28 0.41
20.3556 0.28 0.41
20.3928 0.28 0.41
20.4280 0.28 0.41
20.4624 0.28 0.41
20.4984 0.15 0.41
20.5359 0.28 0.41
20.5726 0.28 0.41
20.6096 0.28 0.41
20.6429 0.28 0.41
20.6798 0.15 0.41
20.7208 0.28 0.41
20.7570 0.28 0.41
20.7912 0.15 0.41
20.8272 0.28 0.41
20.8639 0.28 0.41
20.9005 0.15 0.41
20.9382 0.28 0.41
20.9703 0.28 0.28
21.0079 0.28 0.41
21.0525 0.15 0.41
21.0895 0.28 0.41
21.1257 0.28 0.41
21.1635 0.28 0.41
21.1939 0.15 0.41
21.2320 0.28 0.41
21.2691 0.28 0.41
21.3054 0.28 0.28
21.3421 0.28 0.41
21.3790 0.15 0.41
21.4166 0.28 0.41
21.4553 0.28 0.41
21.4901 0.28 0.41
21.5274 0.28 0.41
21.5643 0.28 0.41
21.6002 0.28 0.41
21.6372 0.28 0.41
21.6738 0.28 0.41
21.7112 0.28 0.41
21.7473 0.28 0.41
21.7847 0.28 0.41
21.8213 0.28 0.41
21.8580 0.28 0.41
21.8976 0.15 0.41
21.9332 0.28 0.28
21.9706 0.28 0.28
22.0045 0.15 0.28
22.0455 0.15 0.41
22.0794 0.28 0.41
22.1174 0.15 0.41
22.1544 0.15 0.41
22.1893 0.28 0.41
22.2277 0.28 0.41
22.2648 0.28 0.41
22.3026 0.28 0.41
22.3352 0.28 0.41
22.3710 0.28 0.28
22.4085 0.28 0.41
22.4406 0.15 0.41
22.4758 0.28 0.41
22.5098 0.15 0.41
22.5474 0.28 0.28
22.5838 0.28 0.28
22.6217 0.28 0.41
22.6560 0.28 0.41
22.6906 0.15 0.41
22.7227 0.28 0.41
22.7581 0.28 0.41
22.7931 0.15 0.41
22.8248 0.28 0.41
22.8630 0.28 0.41
22.8988 0.15 0.41
22.9360 0.28 0.41
22.9710 0.28 0.41
23.0094 0.28 0.41
23.0500 0.28 0.41
23.0860 0.28 0.41
23.1159 0.28 0.41
23.1528 0.28 0.41
23.1891 0.28 0.41
23.2262 0.28 0.41
23.2636 0.28 0.41
23.3019 0.15 0.41
23.3359 0.28 0.28
23.3743 0.28 0.41
23.4105 0.28 0.41
23.4489 0.15 0.41
23.4850 0.28 0.41
23.5216 0.28 0.41
23.5584 0.28 0.41
23.5942 0.28 0.41
23.6316 0.15 0.41
23.6712 0.28 0.41
23.7093 0.15 0.41
23.7466 0.28 0.41
23.7841 0.15 0.41
23.8210 0.28 0.41
23.8539 0.28 0.41
23.8901 0.28 0.41
23.9263 0.28 0.41
23.9634 0.28 0.41
24.0011 0.28 0.41
24.0464 0.28 0.41
24.0820 0.28 0.41
24.1205 0.28 0.41
24.1562 0.28 0.41
24.1898 0.15 0.41
24.2268 0.28 0.28
24.2621 0.28 0.41
24.2982 0.28 0.41
24.3328 0.28 0.28
24.3704 0.28 0.41
24.4058 0.28 0.41
24.4437 0.28 0.41
24.4760 0.28 0.41
24.5129 0.15 0.41
24.5496 0.28 0.28
24.5880 0.15 0.41
24.6193 0.28 0.28
24.6576 0.28 0.28
24.6925 0.28 0.41
24.7296 0.28 0.28
24.7672 0.28 0.28
24.8036 0.28 0.41
24.8411 0.28 0.41
24.8776 0.28 0.41
24.9150 0.15 0.41
24.9469 0.28 0.41
24.9821 0.15 0.41
25.0234 0.15 0.41
25.0632 0.28 0.41
25.1030 0.28 0.28
25.1390 0.28 0.41
25.1767 0.28 0.41
25.2139 0.28 0.41
25.2503 0.28 0.28
25.2877 0.15 0.28
25.3198 0.28 0.41
25.3584 0.28 0.28
25.3941 0.15 0.41
25.4312 0.15 0.41
25.4661 0.28 0.28
25.5033 0.28 0.41
25.5404 0.28 0.41
25.5776 0.28 0.41
25.6143 0.28 0.41
25.6516 0.28 0.41
25.6878 0.15 0.28
25.7257 0.28 0.41
25.7618 0.15 0.41
25.7994 0.15 0.41
25.8325 0.28 0.28
25.8647 0.15 0.41
25.9003 0.15 0.41
25.9378 0.28 0.41
25.9766 0.28 0.41
26.0187 0.28 0.41
26.0553 0.28 0.41
26.0936 0.28 0.41
26.1303 0.15 0.41
26.1677 0.28 0.41
26.2031 0.28 0.28
26.2377 0.28 0.41
26.2748 0.28 0.41
26.3116 0.28 0.41
26.3477 0.28 0.28
26.3845 0.28 0.41
26.4211 0.28 0.41
26.4572 0.28 0.41
26.4936 0.28 0.28
26.5282 0.28 0.41
26.5600 0.15 0.41
26.5983 0.28 0.41
26.6347 0.28 0.41
26.6721 0.28 0.41
26.7087 0.28 0.28
26.7434 0.28 0.28
26.7786 0.28 0.41
26.8108 0.15 0.41
26.8464 0.15 0.28
26.8840 0.28 0.28
26.9209 0.28 0.41
26.9630 0.15 0.41
26.9977 0.15 0.41
27.0391 0.28 0.41
27.0756 0.28 0.41
27.1171 0.28 0.41
27.1547 0.28 0.41
27.1918 0.28 0.41
27.2291 0.15 0.41
27.2703 0.15 0.41
27.3066 0.28 0.41
27.3392 0.15 0.28
27.3764 0.28 0.41
27.4119 0.28 0.41
27.4500 0.28 0.41
27.4861 0.28 0.41
27.5199 0.28 0.41
27.5550 0.15 0.41
27.5931 0.28 0.41
27.6300 0.15 0.41
27.6669 0.28 0.41
27.7025 0.28 0.41
27.7398 0.28 0.41
27.7772 0.15 0.41
27.8145 0.28 0.41
27.8545 0.28 0.41
27.8910 0.28 0.41
27.9306 0.28 0.41
27.9663 0.28 0.28
28.0067 0.28 0.41
28.0446 0.15 0.41
28.0790 0.28 0.41
28.1172 0.28 0.41
28.1511 0.28 0.41
28.1848 0.28 0.41
28.2201 0.28 0.41
28.2529 0.28 0.41
28.2876 0.15 0.41
28.3220 0.28 0.28
28.3584 0.15 0.41
28.3910 0.15 0.41
28.4278 0.28 0.41
28.4645 0.28 0.28
28.4985 0.28 0.28
28.5353 0.15 0.41
28.5683 0.28 0.41
28.6046 0.28 0.41
28.6423 0.28 0.41
28.6770 0.28 0.41
28.7149 0.28 0.41
28.7521 0.15 0.28
28.7884 0.15 0.28
28.8213 0.28 0.41
28.8593 0.28 0.41
28.8962 0.15 0.41
28.9330 0.28 0.41
28.9700 0.15 0.41
29.0030 0.28 0.41
29.0412 0.28 0.41
29.0743 0.28 0.41
29.1091 0.15 0.41
29.1408 0.28 0.41
29.1786 0.15 0.41
29.2134 0.28 0.28
29.2511 0.28 0.41
29.2890 0.28 0.41
29.3253 0.28 0.41
29.3612 0.28 0.28
29.3978 0.28 0.41
29.4421 0.28 0.41
29.4751 0.15 0.41
29.5107 0.15 0.41
29.5433 0.15 0.41
29.5778 0.15 0.41
29.6139 0.28 0.41
29.6484 0.28 0.41
29.6855 0.28 0.41
29.7219 0.28 0.41
29.7604 0.15 0.41
29.7966 0.28 0.41
29.8313 0.15 0.41
29.8659 0.28 0.41
29.9043 0.28 0.41
29.9444 0.28 0.41
29.9804 0.28 0.41
30.0255 0.28 0.41
30.0666 0.28 0.41
30.1036 0.28 0.41
30.1404 0.28 0.41
30.1772 0.28 0.41
30.2140 0.28 0.41
30.2513 0.15 0.41
30.2882 0.15 0.41
30.3198 0.28 0.41
30.3581 0.15 0.41
30.3946 0.28 0.41
30.4333 0.15 0.41
30.4712 0.28 0.41
30.5090 0.28 0.41
30.5459 0.28 0.41
30.5815 0.28 0.41
30.6196 0.28 0.41
30.6569 0.28 0.41
30.6916 0.28 0.41
30.7266 0.28 0.41
30.7590 0.28 0.41
30.7953 0.15 0.41
30.8332 0.28 0.41
30.8692 0.28 0.41
30.9063 0.28 0.41
30.9428 0.15 0.41
30.9803 0.28 0.41
31.0228 0.28 0.41
31.0621 0.15 0.41
31.0990 0.28 0.41
31.1321 0.28 0.41
31.1646 0.28 0.41
31.2020 0.28 0.41
31.2403 0.28 0.41
31.2719 0.28 0.41
31.3062 0.15 0.41
31.3389 0.28 0.41
31.3735 0.28 0.41
31.4099 0.28 0.28
31.4463 0.15 0.41
31.4825 0.15 0.41
31.5196 0.28 0.28
31.5576 0.28 0.41
31.5943 0.28 0.28
31.6320 0.15 0.41
31.6664 0.28 0.28
31.7018 0.28 0.28
31.7346 0.28 0.28
31.7696 0.28 0.41
31.8077 0.28 0.41
31.8445 0.28 0.41
31.8874 0.28 0.28
31.9209 0.28 0.41
31.9586 0.28 0.28
31.9948 0.28 0.41
32.0404 0.28 0.41
32.0784 0.15 0.41
32.1128 0.28 0.41
32.1486 0.15 0.41
32.1807 0.28 0.41
32.2171 0.28 0.41
32.2538 0.28 0.41
32.2910 0.28 0.41
32.3257 0.15 0.28
32.3598 0.28 0.41
32.3987 0.15 0.41
32.4333 0.28 0.41
32.4695 0.28 0.41
32.5040 0.15 0.41
32.5413 0.15 0.41
32.5739 0.28 0.41
32.6114 0.28 0.41
32.6436 0.28 0.41
32.6791 0.28 0.41
32.7161 0.15 0.41
32.7534 0.28 0.41
32.7907 0.15 0.41
32.8256 0.15 0.41
32.8595 0.28 0.28
32.8966 0.28 0.41
32.9340 0.28 0.41
32.9712 0.28 0.41
33.0093 0.28 0.41
33.0583 0.28 0.41
33.0926 0.28 0.41
33.1307 0.15 0.41
33.1673 0.28 0.41
33.2026 0.28 0.41
33.2378 0.28 0.41
33.2748 0.28 0.41
33.3106 0.28 0.41
33.3470 0.15 0.28
33.3831 0.28 0.41
33.4214 0.28 0.41
33.4599 0.28 0.41
33.4941 0.28 0.41
33.5317 0.15 0.41
33.5692 0.28 0.41
33.6055 0.28 0.41
33.6386 0.28 0.41
33.6762 0.28 0.41
33.7116 0.15 0.41
33.7492 0.28 0.41
33.7845 0.15 0.28
33.8208 0.28 0.41
33.8559 0.28 0.41
33.8917 0.28 0.41
33.9290 0.15 0.41
33.9678 0.28 0.41
34.0069 0.28 0.41
34.0471 0.28 0.28
34.0843 0.15 0.41
34.1207 0.28 0.41
34.1585 0.28 0.41
34.1954 0.28 0.41
34.2332 0.28 0.28
34.2676 0.28 0.28
34.3018 0.28 0.41
34.3399 0.28 0.41
34.3751 0.28 0.41
34.4088 0.28 0.41
34.4456 0.28 0.41
34.4824 0.28 0.41
34.5188 0.28 0.41
34.5549 0.28 0.41
34.5924 0.28 0.41
34.6299 0.28 0.41
34.6658 0.28 0.41
34.7039 0.28 0.41
34.7394 0.28 0.28
34.7765 0.28 0.41
34.8145 0.28 0.41
34.8504 0.28 0.41
34.8878 0.28 0.41
34.9299 0.28 0.41
34.9657 0.28 0.41
35.0018 0.28 0.41
35.0469 0.28 0.41
35.0840 0.28 0.41
35.1205 0.28 0.41
35.1585 0.28 0.41
35.1937 0.15 0.41
35.2306 0.28 0.41
35.2688 0.15 0.41
35.3050 0.15 0.28
35.3423 0.28 0.41
35.3795 0.15 0.28
35.4154 0.28 0.41
35.4539 0.28 0.41
35.4888 0.28 0.41
35.5257 0.28 0.41
35.5626 0.28 0.41
35.6001 0.15 0.28
35.6359 0.28 0.41
35.6734 0.28 0.28
35.7104 0.28 0.28
35.7470 0.15 0.41
35.7865 0.28 0.28
35.8238 0.28 0.28
35.8628 0.28 0.41
35.8956 0.28 0.41
35.9323 0.28 0.41
35.9696 0.28 0.41
36.0062 0.28 0.41
36.0447 0.28 0.41
36.0812 0.15 0.41
36.1213 0.28 0.28
36.1581 0.15 0.41
36.1944 0.15 0.28
36.2314 0.15 0.41
36.2679 0.28 0.41
36.3040 0.28 0.28
36.3420 0.15 0.28
36.3788 0.15 0.41
36.4141 0.15 0.28
36.4525 0.28 0.41
36.4898 0.28 0.41
36.5264 0.15 0.41
36.5629 0.15 0.41
36.6008 0.28 0.41
36.6372 0.28 0.41
36.6723 0.28 0.41
36.7096 0.28 0.28
36.7465 0.28 0.28
36.7833 0.28 0.28
36.8200 0.28 0.28
36.8618 0.28 0.28
36.8982 0.28 0.28
36.9362 0.15 0.41
36.9726 0.28 0.28
37.0151 0.15 0.41
37.0636 0.28 0.28
37.0984 0.28 0.41
37.1355 0.28 0.41
37.1739 0.28 0.28
37.2067 0.28 0.41
37.2437 0.28 0.41
37.2801 0.28 0.41
37.3164 0.28 0.41
37.3529 0.28 0.41
37.3893 0.15 0.41
37.4279 0.15 0.41
37.4637 0.28 0.41
37.5004 0.15 0.41
37.5364 0.15 0.41
37.5744 0.28 0.41
37.6125 0.15 0.28
37.6524 0.28 0.41
37.6893 0.28 0.41
37.7257 0.15 0.41
37.7623 0.28 0.41
37.8008 0.15 0.28
37.8332 0.28 0.41
37.8654 0.28 0.41
37.9024 0.28 0.28
37.9390 0.28 0.41
37.9742 0.28 0.41
38.0158 0.28 0.41
38.0558 0.28 0.41
38.0911 0.28 0.41
38.1228 0.28 0.28
38.1598 0.28 0.28
38.1955 0.28 0.28
38.2316 0.28 0.41
38.2699 0.28 0.41
38.3096 0.15 0.28
38.3449 0.15 0.41
38.3777 0.15 0.41
38.4125 0.15 0.41
38.4470 0.28 0.41
38.4850 0.28 0.41
38.5211 0.28 0.41
38.5567 0.28 0.41
38.5940 0.28 0.41
38.6315 0.28 0.41
38.6690 0.28 0.41
38.7051 0.28 0.41
38.7405 0.28 0.41
38.7785 0.15 0.41
38.8120 0.28 0.41
38.8473 0.28 0.41
38.8854 0.28 0.41
38.9220 0.28 0.28
38.9592 0.15 0.28
38.9964 0.28 0.28
39.0402 0.28 0.28
39.0785 0.28 0.28
39.1143 0.28 0.28
39.1471 0.28 0.41
39.1854 0.28 0.41
39.2169 0.28 0.41
39.2559 0.28 0.41
39.2939 0.28 0.41
39.3309 0.28 0.41
39.3678 0.28 0.41
39.4058 0.28 0.41
39.4401 0.28 0.41
39.4750 0.28 0.41
39.5153 0.28 0.41
39.5520 0.28 0.41
39.5896 0.28 0.41
39.6268 0.28 0.41
39.6661 0.28 0.41
39.7036 0.28 0.41
39.7401 0.28 0.41
39.7773 0.28 0.41
39.8151 0.28 0.41
39.8515 0.28 0.41
39.8881 0.15 0.41
39.9249 0.15 0.41
39.9622 0.28 0.41
39.9988 0.28 0.41
40.0410 0.28 0.41
40.0731 0.28 0.28
40.1101 0.28 0.28
40.1466 0.28 0.28
40.1839 0.28 0.41
40.2197 0.28 0.41
40.2579 0.28 0.28
40.2930 0.28 0.28
40.3295 0.28 0.41
40.3660 0.15 0.41
40.4000 0.28 0.41
40.4367 0.28 0.41
40.4762 0.28 0.28
40.5158 0.28 0.41
40.5514 0.28 0.41
40.5890 0.28 0.41
40.6259 0.15 0.41
40.6630 0.15 0.41
40.6999 0.28 0.28
40.7359 0.15 0.41
40.7696 0.28 0.41
40.8061 0.28 0.41
40.8433 0.28 0.41
40.8792 0.28 0.41
40.9160 0.28 0.41
40.9535 0.28 0.41
40.9911 0.28 0.41
41.0342 0.28 0.41
41.0715 0.28 0.41
41.1092 0.28 0.28
41.1450 0.28 0.28
41.1810 0.15 0.41
41.2162 0.28 0.28
41.2525 0.28 0.41
41.2887 0.28 0.41
41.3254 0.28 0.41
41.3627 0.28 0.41
41.4005 0.28 0.41
41.4349 0.28 0.41
41.4707 0.28 0.41
41.5058 0.15 0.41
41.5425 0.28 0.41
41.5799 0.28 0.28
41.6179 0.28 0.41
41.6540 0.28 0.28
41.6915 0.28 0.28
41.7300 0.28 0.28
41.7680 0.28 0.41
41.8059 0.15 0.41
41.8429 0.28 0.41
41.8792 0.28 0.41
41.9145 0.28 0.41
41.9533 0.28 0.41
41.9891 0.28 0.41
42.0325 0.28 0.28
42.0716 0.28 0.41
42.1088 0.15 0.41
42.1452 0.28 0.41
42.1821 0.15 0.28
42.2174 0.28 0.28
42.2517 0.15 0.28
42.2891 0.28 0.28
42.3221 0.15 0.41
42.3591 0.28 0.41
42.3954 0.28 0.41
42.4316 0.15 0.41
42.4700 0.28 0.41
42.5099 0.15 0.41
42.5427 0.15 0.41
42.5788 0.28 0.28
42.6207 0.28 0.41
42.6575 0.28 0.28
42.6946 0.15 0.41
42.7272 0.28 0.28
42.7627 0.28 0.41
42.8013 0.28 0.41
42.8363 0.28 0.41
42.8731 0.28 0.41
42.9101 0.28 0.41
42.9538 0.28 0.41
42.9900 0.28 0.41
43.0309 0.28 0.41
43.0660 0.15 0.41
43.1040 0.28 0.41
43.1404 0.28 0.41
43.1771 0.15 0.41
43.2151 0.28 0.28
43.2513 0.28 0.41
43.2878 0.28 0.41
43.3264 0.28 0.41
43.3627 0.28 0.28
43.4063 0.28 0.28
43.4437 0.28 0.41
43.4794 0.28 0.41
43.5195 0.28 0.41
43.5525 0.15 0.28
43.5881 0.15 0.41
43.6241 0.15 0.28
43.6589 0.28 0.41
43.6935 0.28 0.41
43.7310 0.15 0.28
43.7674 0.28 0.28
43.8004 0.15 0.41
43.8381 0.28 0.41
43.8702 0.28 0.41
43.9052 0.28 0.41
43.9442 0.15 0.41
43.9802 0.28 0.41
44.0278 0.28 0.41
44.0669 0.28 0.41
44.1077 0.15 0.41
44.1438 0.15 0.41
44.1820 0.28 0.41
44.2178 0.28 0.41
44.2530 0.28 0.28
time[sec] Pin[KPa] Pout[KPa]
06 26 19 14:06:13
0.1112 0.28 0.54
0.1832 0.54 0.54
0.2239 0.54 0.41
0.2662 0.67 0.41
0.3121 0.67 0.41
0.3537 0.54 0.41
0.3927 0.67 0.41
0.4299 0.67 0.54
0.4689 0.67 0.41
0.5060 0.67 0.54
0.5452 0.67 0.54
0.5820 0.67 0.54
0.6196 0.67 0.41
0.6544 0.67 0.54
0.7026 0.67 0.54
0.7414 0.67 0.54
0.7776 0.67 0.41
0.8147 0.67 0.54
0.8535 0.67 0.54
0.8933 0.67 0.54
0.9287 0.67 0.54
0.9654 0.67 0.41
1.0031 0.67 0.54
1.0400 0.54 0.41
1.0771 0.67 0.41
1.1140 0.67 0.41
1.1509 0.67 0.41
1.1919 0.67 0.41
1.2272 0.67 0.41
1.2640 0.67 0.41
1.3006 0.67 0.54
1.3385 0.67 0.41
1.3759 0.67 0.41
1.4124 0.67 0.54
1.4495 0.67 0.28
1.4859 0.67 0.41
1.5246 0.67 0.41
1.5615 0.67 0.41
1.5958 0.67 0.54
1.6336 0.67 0.41
1.6709 0.67 0.41
1.7144 0.67 0.41
1.7521 0.67 0.41
1.7885 0.67 0.41
1.8257 0.67 0.41
1.8633 0.67 0.41
1.9007 0.67 0.41
1.9369 0.67 0.41
1.9742 0.67 0.41
2.0114 0.67 0.41
2.0521 0.67 0.41
2.0896 0.67 0.41
2.1253 0.67 0.41
2.1665 0.67 0.41
2.2051 0.67 0.41
2.2445 0.67 0.41
2.2812 0.67 0.41
2.3171 0.67 0.41
2.3544 0.67 0.41
2.3913 0.67 0.41
2.4328 0.67 0.41
2.4686 0.54 0.41
2.5068 0.67 0.41
2.5442 0.67 0.41
2.5810 0.67 0.41
2.6156 0.67 0.41
2.6525 0.67 0.41
2.6949 0.67 0.41
2.7336 0.67 0.41
2.7728 0.54 0.54
2.8103 0.67 0.41
2.8450 0.67 0.41
2.8841 0.67 0.41
2.9201 0.67 0.41
2.9582 0.67 0.41
2.9949 0.67 0.41
3.0309 0.67 0.41
3.0678 0.67 0.41
3.1006 0.67 0.41
3.1371 0.67 0.41
3.1747 0.67 0.41
3.2102 0.67 0.41
3.2480 0.67 0.54
3.2860 0.67 0.41
3.3216 0.67 0.41
3.3589 0.67 0.41
3.3954 0.67 0.41
3.4335 0.67 0.41
3.4703 0.67 0.41
3.5069 0.67 0.41
3.5373 0.67 0.41
3.5747 0.67 0.41
3.6120 0.67 0.41
3.6486 0.67 0.41
3.6919 0.67 0.41
3.7307 0.67 0.54
3.7677 0.67 0.41
3.8053 0.67 0.41
3.8407 0.67 0.41
3.8750 0.67 0.41
3.9122 0.67 0.41
3.9476 0.67 0.54
3.9858 0.67 0.41
4.0222 0.67 0.41
4.0584 0.67 0.41
4.0961 0.67 0.41
4.1309 0.67 0.54
4.1658 0.67 0.54
4.2006 0.67 0.54
4.2389 0.67 0.54
4.2762 0.67 0.54
4.3172 0.67 0.41
4.3540 0.67 0.41
4.3895 0.67 0.41
4.4276 0.67 0.41
4.4642 0.67 0.41
4.5057 0.67 0.41
4.5417 0.67 0.41
4.5788 0.67 0.41
4.6161 0.67 0.41
4.6516 0.67 0.41
4.6961 0.67 0.41
4.7311 0.67 0.41
4.7675 0.67 0.41
4.8024 0.67 0.41
4.8374 0.67 0.41
4.8741 0.67 0.41
4.9146 0.67 0.41
4.9515 0.67 0.41
4.9886 0.67 0.41
5.0249 0.67 0.41
5.0624 0.67 0.41
5.1001 0.67 0.41
5.1366 0.67 0.41
5.1714 0.67 0.41
5.2139 0.67 0.41
5.2504 0.67 0.41
5.2875 0.67 0.41
5.3238 0.67 0.41
5.3569 0.67 0.41
5.3947 0.67 0.41
5.4298 0.67 0.41
5.4669 0.67 0.41
5.5051 0.67 0.41
5.5417 0.67 0.41
5.5777 0.67 0.41
5.6150 0.67 0.41
5.6516 0.67 0.41
5.6929 0.67 0.41
5.7312 0.67 0.54
5.7666 0.54 0.54
5.8018 0.67 0.41
5.8374 0.67 0.54
5.8743 0.67 0.41
5.9091 0.67 0.54
5.9433 0.67 0.54
5.9805 0.67 0.54
6.0126 0.67 0.41
6.0492 0.67 0.41
6.0861 0.67 0.41
6.1233 0.67 0.41
6.1566 0.67 0.41
6.1931 0.67 0.41
6.2286 0.67 0.54
6.2659 0.67 0.54
6.3021 0.67 0.41
6.3402 0.67 0.41
6.3778 0.67 0.41
6.4142 0.67 0.41
6.4504 0.67 0.41
6.4881 0.67 0.41
6.5225 0.67 0.41
6.5571 0.67 0.41
6.5946 0.67 0.41
6.6309 0.67 0.41
6.6670 0.54 0.41
6.7133 0.67 0.41
6.7479 0.54 0.41
6.7833 0.67 0.41
6.8183 0.67 0.41
6.8543 0.67 0.41
6.8890 0.67 0.41
6.9223 0.67 0.41
6.9596 0.67 0.41
6.9969 0.67 0.41
7.0288 0.54 0.54
7.0649 0.67 0.54
7.1024 0.28 0.41
7.1373 0.28 0.41
7.1759 0.28 0.41
7.2139 0.28 0.41
7.2497 0.28 0.41
7.2880 0.28 0.41
7.3218 0.28 0.41
7.3592 0.28 0.41
7.3974 0.28 0.41
7.4328 0.28 0.41
7.4701 0.28 0.41
7.5061 0.28 0.41
7.5430 0.28 0.41
7.5796 0.28 0.41
7.6152 0.28 0.41
7.6517 0.28 0.54
7.6929 0.28 0.41
7.7324 0.28 0.41
7.7705 0.28 0.41
7.8069 0.28 0.41
7.8439 0.28 0.41
7.8765 0.28 0.41
7.9090 0.28 0.41
7.9462 0.28 0.41
7.9791 0.28 0.41
8.0156 0.28 0.41
8.0524 0.28 0.41
8.0888 0.28 0.41
8.1267 0.28 0.41
8.1598 0.28 0.41
8.1958 0.28 0.54
8.2290 0.28 0.54
8.2652 0.28 0.41
8.3023 0.28 0.41
8.3398 0.28 0.41
8.3722 0.28 0.41
8.4066 0.28 0.41
8.4415 0.28 0.41
8.4782 0.41 0.41
8.5157 0.41 0.41
8.5503 0.54 0.54
8.5836 0.54 0.41
8.6224 0.54 0.41
8.6547 0.67 0.41
8.6972 0.67 0.41
8.7377 0.54 0.41
8.7694 0.54 0.41
8.8061 0.54 0.41
8.8433 0.54 0.41
8.8801 0.54 0.54
8.9119 0.54 0.54
8.9501 0.54 0.41
8.9853 0.54 0.41
9.0230 0.67 0.54
9.0579 0.67 0.41
9.0928 0.67 0.41
9.1301 0.54 0.41
9.1666 0.67 0.41
9.2039 0.67 0.41
9.2405 0.67 0.41
9.2759 0.54 0.41
9.3139 0.54 0.41
9.3490 0.67 0.41
9.3834 0.54 0.41
9.4208 0.67 0.41
9.4576 0.67 0.41
9.4973 0.67 0.41
9.5347 0.67 0.41
9.5728 0.67 0.41
9.6053 0.54 0.41
9.6384 0.67 0.41
9.6810 0.54 0.41
9.7238 0.67 0.41
9.7564 0.67 0.41
9.7922 0.67 0.54
9.8302 0.54 0.41
9.8660 0.67 0.41
9.9022 0.67 0.41
9.9410 0.67 0.41
9.9778 0.67 0.41
10.0145 0.67 0.41
10.0511 0.67 0.41
10.0865 0.67 0.41
10.1244 0.67 0.41
10.1631 0.67 0.41
10.1967 0.67 0.41
10.2319 0.67 0.41
10.2671 0.54 0.41
10.3050 0.54 0.41
10.3416 0.67 0.41
10.3790 0.67 0.41
10.4135 0.67 0.41
10.4486 0.67 0.41
10.4844 0.67 0.41
10.5217 0.67 0.41
10.5590 0.67 0.41
10.5962 0.67 0.41
10.6307 0.67 0.41
10.6730 0.67 0.41
10.7150 0.67 0.41
10.7521 0.67 0.41
10.7849 0.67 0.41
10.8198 0.67 0.41
10.8538 0.67 0.41
10.8910 0.67 0.41
10.9237 0.67 0.41
10.9605 0.67 0.41
10.9940 0.67 0.41
11.0305 0.67 0.41
11.0650 0.67 0.41
11.0990 0.67 0.41
11.1363 0.67 0.41
11.1713 0.67 0.41
11.2063 0.67 0.41
11.2444 0.67 0.41
11.2805 0.67 0.41
11.3132 0.67 0.41
11.3480 0.67 0.41
11.3859 0.67 0.41
11.4232 0.54 0.41
11.4559 0.67 0.41
11.4935 0.67 0.41
11.5310 0.67 0.41
11.5652 0.67 0.41
11.6030 0.67 0.54
11.6363 0.67 0.41
11.6740 0.67 0.41
11.7180 0.67 0.54
11.7551 0.67 0.41
11.7922 0.67 0.41
11.8250 0.67 0.41
11.8620 0.67 0.41
11.8942 0.67 0.41
11.9271 0.67 0.41
11.9640 0.67 0.41
12.0016 0.67 0.41
12.0390 0.67 0.41
12.0776 0.67 0.41
12.1155 0.67 0.41
12.1521 0.67 0.41
12.1883 0.67 0.41
12.2259 0.67 0.41
12.2619 0.67 0.41
12.3004 0.67 0.41
12.3374 0.67 0.41
12.3781 0.67 0.41
12.4153 0.67 0.41
12.4505 0.67 0.41
12.4928 0.67 0.41
12.5291 0.67 0.41
12.5672 0.67 0.41
12.6086 0.67 0.41
12.6450 0.67 0.41
12.6923 0.67 0.41
12.7378 0.67 0.41
12.7741 0.67 0.41
12.8103 0.67 0.41
12.8475 0.67 0.41
12.8849 0.67 0.41
12.9224 0.67 0.41
12.9593 0.67 0.41
12.9967 0.67 0.41
13.0288 0.67 0.41
13.0650 0.67 0.54
13.1028 0.67 0.41
13.1396 0.67 0.41
13.1762 0.67 0.41
13.2193 0.67 0.41
13.2579 0.67 0.41
13.2951 0.67 0.41
13.3311 0.67 0.41
13.3682 0.67 0.41
13.4041 0.67 0.41
13.4424 0.67 0.41
13.4796 0.67 0.41
13.5159 0.67 0.41
13.5525 0.67 0.41
13.5903 0.67 0.41
13.6228 0.67 0.41
13.6593 0.67 0.41
13.7046 0.67 0.41
13.7419 0.67 0.41
13.7786 0.67 0.41
13.8131 0.67 0.41
13.8463 0.67 0.41
13.8817 0.67 0.41
13.9134 0.67 0.41
13.9503 0.67 0.41
13.9879 0.67 0.41
14.0243 0.67 0.41
14.0620 0.67 0.41
14.0964 0.67 0.41
14.1332 0.67 0.41
14.1713 0.67 0.41
14.2088 0.54 0.41
14.2463 0.67 0.54
14.2839 0.67 0.54
14.3179 0.67 0.54
14.3555 0.67 0.54
14.3932 0.67 0.41
14.4297 0.67 0.41
14.4633 0.67 0.41
14.5021 0.67 0.41
14.5386 0.67 0.41
14.5740 0.67 0.41
14.6101 0.67 0.41
14.6451 0.67 0.41
14.6858 0.67 0.41
14.7255 0.67 0.41
14.7571 0.67 0.41
14.7939 0.67 0.41
14.8308 0.54 0.41
14.8679 0.67 0.41
14.9044 0.67 0.41
14.9377 0.67 0.41
14.9740 0.67 0.41
15.0118 0.67 0.41
15.0481 0.67 0.41
15.0860 0.67 0.41
15.1204 0.67 0.41
15.1569 0.67 0.41
15.1944 0.67 0.41
15.2319 0.67 0.41
15.2704 0.67 0.41
15.3064 0.67 0.41
15.3434 0.67 0.41
15.3803 0.67 0.41
15.4166 0.67 0.41
15.4538 0.67 0.41
15.4901 0.67 0.41
15.5275 0.67 0.41
15.5640 0.67 0.41
15.6009 0.67 0.41
15.6366 0.67 0.41
15.6723 0.67 0.41
15.7160 0.67 0.41
15.7534 0.67 0.41
15.7907 0.67 0.41
15.8222 0.67 0.41
15.8569 0.67 0.41
15.8927 0.67 0.54
15.9296 0.67 0.41
15.9624 0.67 0.41
16.0060 0.67 0.41
16.0425 0.67 0.41
16.0760 0.67 0.41
16.1131 0.67 0.41
16.1502 0.67 0.41
16.1827 0.67 0.41
16.2200 0.67 0.41
16.2524 0.67 0.41
16.2873 0.67 0.41
16.3259 0.67 0.41
16.3630 0.67 0.41
16.3955 0.67 0.41
16.4328 0.67 0.41
16.4697 0.67 0.41
16.5052 0.67 0.41
16.5423 0.67 0.41
16.5791 0.67 0.41
16.6168 0.67 0.41
16.6531 0.67 0.41
16.6966 0.67 0.41
16.7358 0.67 0.41
16.7729 0.67 0.41
16.8092 0.67 0.41
16.8463 0.67 0.41
16.8830 0.67 0.41
16.9194 0.67 0.41
16.9555 0.67 0.41
16.9956 0.54 0.41
17.0291 0.67 0.41
17.0675 0.67 0.41
17.1066 0.67 0.41
17.1446 0.67 0.41
17.1812 0.67 0.41
17.2180 0.67 0.28
17.2548 0.67 0.41
17.2928 0.67 0.41
17.3287 0.67 0.41
17.3653 0.67 0.41
17.4029 0.67 0.41
17.4408 0.67 0.41
17.4775 0.67 0.41
17.5098 0.67 0.41
17.5475 0.67 0.41
17.5838 0.67 0.41
17.6200 0.67 0.41
17.6578 0.67 0.41
17.7070 0.67 0.41
17.7420 0.67 0.41
17.7783 0.67 0.41
17.8303 0.67 0.41
17.9144 0.67 0.41
17.9904 0.67 0.41
18.0539 0.67 0.41
18.1052 0.67 0.41
18.1417 0.67 0.41
18.1776 0.67 0.41
18.2170 0.67 0.41
18.2588 0.67 0.41
18.2968 0.67 0.41
18.3361 0.67 0.41
18.3726 0.67 0.41
18.4156 0.54 0.41
18.4516 0.67 0.41
18.4879 0.67 0.41
18.5251 0.67 0.41
18.5629 0.67 0.41
18.6005 0.67 0.41
18.6360 0.54 0.41
18.6726 0.67 0.41
18.7175 0.67 0.41
18.7633 0.67 0.41
18.8089 0.67 0.54
18.8531 0.67 0.41
18.9004 0.67 0.41
18.9571 0.67 0.41
18.9962 0.67 0.41
19.0379 0.67 0.41
19.0788 0.67 0.41
19.1226 0.67 0.41
19.1674 0.67 0.41
19.2043 0.67 0.41
19.2408 0.67 0.41
19.2788 0.67 0.41
19.3147 0.67 0.41
19.3518 0.67 0.41
19.3890 0.67 0.41
19.4248 0.67 0.41
19.4626 0.54 0.41
19.4996 0.67 0.41
19.5370 0.67 0.41
19.5758 0.67 0.41
19.6107 0.67 0.41
19.6437 0.67 0.41
19.6815 0.67 0.41
19.7210 0.67 0.41
19.7643 0.67 0.41
19.7973 0.67 0.41
19.8358 0.67 0.41
19.8692 0.67 0.41
19.9180 0.67 0.41
19.9643 0.67 0.41
20.0230 0.67 0.41
20.0651 0.67 0.41
20.1016 0.67 0.41
20.1381 0.67 0.41
20.1755 0.67 0.41
20.2139 0.67 0.41
20.2489 0.67 0.41
20.2860 0.67 0.41
20.3222 0.67 0.41
20.3599 0.67 0.41
20.3967 0.67 0.41
20.4345 0.67 0.41
20.4666 0.67 0.41
20.5042 0.67 0.41
20.5418 0.67 0.41
20.5765 0.67 0.41
20.6199 0.67 0.41
20.6553 0.67 0.41
20.7157 0.67 0.41
20.7572 0.67 0.41
20.7993 0.67 0.41
20.8414 0.67 0.41
20.8801 0.67 0.41
20.9175 0.67 0.41
20.9504 0.67 0.41
20.9868 0.67 0.41
21.0247 0.67 0.41
21.0609 0.67 0.41
21.0973 0.67 0.41
21.1354 0.67 0.41
21.1719 0.67 0.41
21.2079 0.54 0.54
21.2455 0.80 0.41
21.2807 0.67 0.41
21.3182 0.67 0.41
21.3539 0.67 0.41
21.3959 0.67 0.41
21.4400 0.67 0.41
21.4833 0.67 0.41
21.5183 0.67 0.41
21.5569 0.67 0.41
21.5922 0.67 0.41
21.6290 0.67 0.41
21.6661 0.67 0.41
21.7107 0.67 0.41
21.7486 0.67 0.41
21.7877 0.67 0.41
21.8218 0.67 0.41
21.8589 0.67 0.41
21.8956 0.67 0.41
21.9385 0.67 0.41
21.9734 0.67 0.41
22.0110 0.67 0.41
22.0472 0.67 0.41
22.0852 0.67 0.41
22.1213 0.67 0.41
22.1575 0.67 0.41
22.1914 0.67 0.41
22.2281 0.67 0.41
22.2605 0.67 0.41
22.2971 0.67 0.41
22.3339 0.67 0.41
22.3720 0.67 0.41
22.4080 0.67 0.41
22.4453 0.67 0.41
22.4824 0.67 0.41
22.5179 0.67 0.41
22.5555 0.67 0.41
22.5920 0.67 0.41
22.6296 0.67 0.41
22.6660 0.67 0.41
22.7155 0.67 0.41
22.7515 0.67 0.41
22.7907 0.67 0.41
22.8314 0.67 0.41
22.8666 0.67 0.41
22.9030 0.67 0.41
22.9405 0.67 0.41
22.9784 0.67 0.41
23.0129 0.67 0.41
23.0517 0.67 0.41
23.0891 0.67 0.54
23.1203 0.67 0.41
23.1563 0.67 0.41
23.1939 0.67 0.41
23.2310 0.67 0.41
23.2686 0.67 0.41
23.3070 0.67 0.41
23.3413 0.67 0.41
23.3779 0.67 0.41
23.4166 0.67 0.41
23.4564 0.67 0.41
23.4939 0.67 0.41
23.5295 0.67 0.41
23.5667 0.67 0.41
23.6039 0.67 0.41
23.6408 0.67 0.41
23.6793 0.67 0.41
23.7221 0.67 0.41
23.7590 0.67 0.41
23.7961 0.67 0.41
23.8320 0.67 0.41
23.8707 0.67 0.41
23.9064 0.67 0.41
23.9435 0.67 0.41
23.9808 0.67 0.41
24.0188 0.67 0.41
24.0545 0.67 0.41
24.0912 0.54 0.41
24.1286 0.67 0.41
24.1645 0.67 0.41
24.2014 0.67 0.41
24.2393 0.67 0.41
24.2767 0.67 0.41
24.3130 0.67 0.41
24.3506 0.67 0.41
24.3864 0.67 0.41
24.4233 0.67 0.41
24.4601 0.67 0.41
24.4970 0.54 0.41
24.5306 0.67 0.41
24.5648 0.67 0.41
24.5995 0.67 0.41
24.6343 0.67 0.41
24.6697 0.67 0.54
24.7130 0.67 0.41
24.7474 0.67 0.41
24.7824 0.67 0.41
24.8199 0.67 0.41
24.8573 0.67 0.41
24.8947 0.67 0.41
24.9295 0.67 0.41
24.9626 0.67 0.41
24.9994 0.67 0.41
25.0384 0.67 0.41
25.0710 0.67 0.41
25.1074 0.67 0.41
25.1425 0.67 0.41
25.1771 0.67 0.41
25.2141 0.67 0.41
25.2543 0.67 0.41
25.2899 0.67 0.54
25.3262 0.67 0.41
25.3657 0.67 0.41
25.3981 0.67 0.41
25.4352 0.67 0.41
25.4680 0.67 0.41
25.5056 0.67 0.41
25.5411 0.67 0.41
25.5787 0.67 0.41
25.6138 0.67 0.41
25.6516 0.67 0.41
25.6936 0.67 0.41
25.7283 0.67 0.41
25.7662 0.67 0.41
25.8041 0.67 0.41
25.8406 0.67 0.41
25.8784 0.67 0.41
25.9170 0.67 0.41
25.9542 0.67 0.41
25.9950 0.67 0.41
26.0293 0.67 0.41
26.0662 0.67 0.41
26.1023 0.67 0.41
26.1392 0.67 0.41
26.1762 0.67 0.41
26.2113 0.67 0.41
26.2469 0.67 0.41
26.2848 0.67 0.41
26.3233 0.67 0.41
26.3639 0.67 0.41
26.4008 0.67 0.41
26.4380 0.67 0.41
26.4762 0.67 0.41
26.5121 0.67 0.41
26.5483 0.67 0.41
26.5852 0.67 0.41
26.6230 0.67 0.41
26.6584 0.67 0.41
26.7081 0.67 0.54
26.7449 0.67 0.54
26.7823 0.67 0.41
26.8466 0.67 0.41
26.9041 0.67 0.41
26.9907 0.67 0.41
27.0444 0.67 0.41
27.0801 0.67 0.41
27.1185 0.67 0.28
27.1539 0.67 0.41
27.1925 0.67 0.41
27.2294 0.67 0.41
27.2655 0.67 0.41
27.3009 0.67 0.41
27.3429 0.67 0.41
27.3803 0.67 0.41
27.4178 0.67 0.41
27.4530 0.67 0.54
27.4893 0.67 0.41
27.5265 0.67 0.41
27.5643 0.67 0.41
27.6007 0.67 0.41
27.6392 0.67 0.41
27.6783 0.67 0.41
27.7251 0.67 0.41
27.7613 0.67 0.41
27.7983 0.67 0.41
27.8360 0.67 0.41
27.8684 0.67 0.41
27.9057 0.67 0.41
27.9410 0.67 0.41
27.9774 0.67 0.41
28.0147 0.67 0.41
28.0517 0.67 0.41
28.0887 0.67 0.41
28.1256 0.67 0.41
28.1616 0.67 0.41
28.1996 0.67 0.41
28.2358 0.67 0.41
28.2725 0.67 0.41
28.3102 0.67 0.41
28.3478 0.67 0.41
28.3832 0.67 0.41
28.4206 0.67 0.41
28.4560 0.67 0.41
28.4947 0.67 0.41
28.5306 0.67 0.41
28.5683 0.67 0.41
28.6047 0.67 0.41
28.6417 0.67 0.41
28.6825 0.67 0.41
28.7278 0.67 0.41
28.7649 0.67 0.41
28.8014 0.67 0.41
28.8381 0.67 0.41
28.8744 0.67 0.41
28.9129 0.67 0.41
28.9491 0.67 0.41
28.9854 0.67 0.41
29.0230 0.67 0.54
29.0626 0.67 0.41
29.1018 0.67 0.41
29.1364 0.67 0.41
29.1707 0.54 0.41
29.2056 0.67 0.41
29.2412 0.67 0.41
29.2776 0.67 0.41
29.3093 0.67 0.41
29.3473 0.67 0.41
29.3838 0.67 0.41
29.4160 0.67 0.41
29.4534 0.67 0.41
29.4877 0.67 0.41
29.5233 0.67 0.41
29.5594 0.67 0.41
29.5960 0.67 0.41
29.6313 0.67 0.41
29.7086 0.67 0.41
29.7426 0.67 0.41
29.7791 0.67 0.41
29.8170 0.67 0.54
29.8532 0.67 0.41
29.8916 0.67 0.41
29.9285 0.67 0.41
29.9655 0.67 0.41
30.0005 0.67 0.41
30.0392 0.67 0.41
30.0746 0.28 0.54
30.1121 0.28 0.41
30.1455 0.28 0.54
30.1850 0.28 0.41
30.2270 0.28 0.54
30.2634 0.28 0.41
30.3017 0.28 0.54
30.3339 0.28 0.41
30.3698 0.28 0.41
30.4054 0.28 0.41
30.4395 0.28 0.41
30.4769 0.15 0.54
30.5137 0.28 0.41
30.5496 0.28 0.41
30.5863 0.28 0.41
30.6238 0.28 0.41
30.6648 0.28 0.41
30.7119 0.28 0.41
30.7500 0.28 0.41
30.7885 0.28 0.41
30.8238 0.28 0.41
30.8617 0.28 0.41
30.8991 0.28 0.41
30.9355 0.28 0.41
30.9730 0.28 0.54
31.0074 0.28 0.41
31.0415 0.28 0.54
31.0796 0.28 0.41
31.1163 0.28 0.41
31.1570 0.28 0.41
31.1932 0.28 0.41
31.2302 0.28 0.41
31.2678 0.15 0.41
31.3036 0.28 0.41
31.3403 0.28 0.41
31.3779 0.28 0.41
31.4147 0.28 0.28
31.4532 0.28 0.41
31.4871 0.28 0.41
31.5246 0.15 0.41
31.5614 0.28 0.41
31.5981 0.28 0.41
31.6323 0.28 0.41
31.6695 0.28 0.41
31.7081 0.28 0.41
31.7470 0.28 0.41
31.7815 0.28 0.41
31.8168 0.28 0.41
31.8535 0.28 0.41
31.8915 0.28 0.41
31.9264 0.28 0.41
31.9674 0.28 0.41
32.0007 0.28 0.41
32.0499 0.28 0.41
32.0861 0.28 0.41
32.1255 0.28 0.41
32.1626 0.28 0.41
32.1978 0.28 0.41
32.2384 0.28 0.41
32.2757 0.28 0.41
32.3113 0.28 0.41
32.3482 0.28 0.41
32.3850 0.28 0.41
32.4220 0.28 0.41
32.4597 0.28 0.41
32.4968 0.28 0.41
32.5350 0.28 0.41
32.5746 0.28 0.41
32.6114 0.28 0.41
32.6490 0.28 0.41
32.6885 0.28 0.41
32.7261 0.28 0.41
32.7666 0.28 0.41
32.8046 0.28 0.41
32.8405 0.28 0.41
32.8774 0.28 0.41
32.9145 0.28 0.41
32.9517 0.28 0.41
32.9881 0.28 0.41
33.0248 0.28 0.41
33.0617 0.28 0.41
33.0967 0.28 0.41
33.1431 0.28 0.41
33.1821 0.28 0.41
33.2177 0.28 0.41
33.2542 0.28 0.41
33.2897 0.28 0.41
33.3240 0.28 0.41
33.3585 0.28 0.41
33.3935 0.28 0.28
33.4291 0.15 0.41
33.4669 0.28 0.41
33.4994 0.28 0.41
33.5368 0.28 0.41
33.5777 0.28 0.41
33.6138 0.28 0.54
33.6496 0.15 0.41
33.6948 0.28 0.54
33.7314 0.28 0.41
33.7658 0.28 0.41
33.8030 0.28 0.41
33.8400 0.28 0.41
33.8767 0.28 0.41
33.9146 0.28 0.41
33.9496 0.28 0.41
33.9854 0.28 0.54
34.0203 0.28 0.41
34.0526 0.28 0.41
34.0877 0.28 0.41
34.1235 0.28 0.41
34.1603 0.28 0.41
34.1943 0.28 0.41
34.2292 0.28 0.41
34.2641 0.28 0.41
34.3011 0.15 0.41
34.3408 0.28 0.41
34.3743 0.15 0.41
34.4089 0.28 0.41
34.4422 0.28 0.41
34.4772 0.28 0.41
34.5140 0.28 0.41
34.5520 0.28 0.41
34.5896 0.28 0.41
34.6264 0.28 0.41
34.6625 0.28 0.41
34.7035 0.28 0.41
34.7416 0.28 0.41
34.7801 0.28 0.41
34.8182 0.28 0.41
34.8547 0.28 0.41
34.8917 0.15 0.41
34.9293 0.28 0.41
34.9662 0.28 0.41
35.0018 0.15 0.41
35.0355 0.28 0.41
35.0726 0.28 0.41
35.1064 0.28 0.41
35.1406 0.15 0.41
35.1779 0.28 0.41
35.2155 0.28 0.41
35.2574 0.28 0.41
35.2944 0.28 0.41
35.3297 0.28 0.41
35.3637 0.28 0.41
35.4007 0.28 0.41
35.4364 0.28 0.54
35.4728 0.28 0.41
35.5098 0.28 0.41
35.5467 0.28 0.41
35.5850 0.28 0.54
35.6212 0.28 0.54
35.6598 0.15 0.41
35.7078 0.28 0.41
35.7447 0.28 0.41
35.7802 0.28 0.41
35.8167 0.28 0.41
35.8556 0.28 0.41
35.8932 0.28 0.41
35.9277 0.28 0.41
35.9714 0.15 0.41
36.0068 0.15 0.41
36.0432 0.28 0.41
36.0803 0.28 0.41
36.1163 0.28 0.41
36.1545 0.28 0.41
36.1972 0.28 0.41
36.2369 0.15 0.41
36.2716 0.28 0.41
36.3099 0.28 0.41
36.3467 0.28 0.41
36.3833 0.28 0.41
36.4401 0.28 0.41
36.4769 0.15 0.28
36.5163 0.28 0.41
36.5496 0.28 0.41
36.5883 0.28 0.41
36.6250 0.28 0.41
36.6626 0.28 0.41
36.7091 0.28 0.41
36.7475 0.28 0.41
36.7837 0.28 0.41
36.8203 0.28 0.41
36.8587 0.28 0.41
36.8937 0.15 0.41
36.9333 0.28 0.41
36.9757 0.28 0.41
37.0130 0.28 0.41
37.0498 0.28 0.41
37.0864 0.28 0.41
37.1248 0.28 0.41
37.1610 0.28 0.41
37.1993 0.28 0.41
37.2363 0.28 0.41
37.2767 0.28 0.41
37.3140 0.28 0.41
37.3496 0.28 0.41
37.3873 0.28 0.41
37.4235 0.28 0.41
37.4599 0.28 0.41
37.4973 0.15 0.54
37.5337 0.28 0.41
37.5705 0.28 0.41
37.6082 0.28 0.41
37.6447 0.15 0.41
37.6883 0.28 0.41
37.7256 0.15 0.41
37.7615 0.28 0.41
37.8037 0.15 0.41
37.8476 0.28 0.41
37.8929 0.28 0.41
37.9307 0.28 0.41
37.9694 0.28 0.41
38.0036 0.15 0.41
38.0550 0.28 0.41
38.0952 0.28 0.41
38.1333 0.15 0.41
38.1683 0.28 0.41
38.2068 0.28 0.41
38.2477 0.28 0.41
38.2839 0.28 0.41
38.3207 0.28 0.41
38.3561 0.28 0.41
38.3970 0.28 0.41
38.4359 0.28 0.41
38.4710 0.28 0.41
38.5096 0.28 0.41
38.5505 0.28 0.41
38.5856 0.28 0.41
38.6220 0.28 0.41
38.6600 0.28 0.41
38.7223 0.28 0.41
38.7591 0.28 0.41
38.7961 0.28 0.41
38.8322 0.28 0.41
38.8685 0.28 0.41
38.9088 0.28 0.41
38.9466 0.28 0.41
38.9842 0.28 0.28
39.0193 0.15 0.54
39.0583 0.15 0.41
39.0943 0.28 0.54
39.1316 0.28 0.54
39.1686 0.28 0.54
39.2046 0.28 0.54
39.2417 0.28 0.54
39.2783 0.28 0.54
39.3153 0.28 0.41
39.3539 0.28 0.41
39.3894 0.28 0.41
39.4255 0.28 0.41
39.4678 0.28 0.41
39.5044 0.28 0.41
39.5410 0.28 0.41
39.5772 0.15 0.41
39.6153 0.28 0.41
39.6520 0.15 0.54
39.7010 0.15 0.41
39.7368 0.28 0.41
39.7736 0.28 0.41
39.8123 0.15 0.41
39.8527 0.28 0.54
39.8891 0.28 0.41
39.9258 0.28 0.41
39.9632 0.28 0.41
39.9991 0.28 0.41
40.0372 0.28 0.41
40.0740 0.28 0.41
40.1093 0.28 0.41
40.1463 0.28 0.41
40.1832 0.28 0.41
40.2250 0.28 0.41
40.2613 0.28 0.41
40.2983 0.28 0.41
40.3360 0.15 0.41
40.3724 0.28 0.41
40.4100 0.28 0.41
40.4414 0.28 0.41
40.4788 0.28 0.41
40.5160 0.28 0.41
40.5537 0.28 0.41
40.5894 0.28 0.41
40.6275 0.28 0.41
40.6623 0.28 0.41
40.7127 0.28 0.41
40.7494 0.28 0.41
40.7857 0.28 0.41
40.8227 0.28 0.41
40.8601 0.28 0.41
40.8953 0.28 0.41
40.9337 0.28 0.41
40.9711 0.15 0.41
41.0076 0.28 0.41
41.0783 0.28 0.41
41.1142 0.28 0.41
41.1475 0.28 0.41
41.1828 0.28 0.41
41.2205 0.28 0.41
41.2572 0.28 0.41
41.2939 0.28 0.41
41.3305 0.28 0.41
41.3681 0.28 0.41
41.4039 0.28 0.41
41.4423 0.28 0.41
41.4776 0.28 0.41
41.5158 0.28 0.41
41.5531 0.28 0.41
41.5982 0.28 0.41
41.6338 0.15 0.41
41.6724 0.28 0.41
41.7211 0.28 0.41
41.7556 0.28 0.41
41.7944 0.28 0.41
41.8312 0.28 0.41
41.8664 0.28 0.41
41.9028 0.28 0.41
41.9410 0.28 0.41
41.9796 0.28 0.41
42.0154 0.28 0.41
42.0519 0.15 0.41
42.1019 0.28 0.41
42.1384 0.28 0.41
42.1743 0.28 0.41
42.2103 0.28 0.41
42.2471 0.28 0.41
42.2850 0.28 0.41
42.3237 0.28 0.41
42.3581 0.15 0.41
42.3964 0.28 0.41
42.4335 0.28 0.41
42.4698 0.28 0.41
42.5074 0.28 0.41
42.5441 0.28 0.41
42.5801 0.28 0.41
42.6162 0.28 0.41
42.6533 0.28 0.41
42.6970 0.28 0.41
42.7356 0.28 0.41
42.7712 0.28 0.41
42.8122 0.28 0.41
42.8487 0.28 0.41
42.8882 0.28 0.41
42.9244 0.28 0.41
42.9611 0.28 0.41
42.9986 0.28 0.41
43.0301 0.28 0.41
43.0664 0.28 0.41
43.1057 0.28 0.41
43.1415 0.28 0.41
43.1779 0.28 0.41
43.2139 0.28 0.41
43.2521 0.28 0.41
43.2887 0.28 0.41
43.3258 0.28 0.54
43.3638 0.15 0.41
43.3994 0.28 0.41
43.4379 0.28 0.41
43.4765 0.28 0.41
43.5149 0.15 0.41
43.5500 0.28 0.41
43.5885 0.28 0.41
43.6238 0.15 0.41
43.6613 0.15 0.41
43.7103 0.15 0.41
43.7469 0.28 0.41
43.7839 0.28 0.41
43.8206 0.28 0.41
43.8574 0.28 0.41
43.8953 0.28 0.41
43.9313 0.28 0.41
43.9677 0.15 0.41
44.0048 0.28 0.41
44.0419 0.28 0.41
44.0780 0.28 0.41
44.1151 0.15 0.41
44.1483 0.28 0.41
44.1851 0.28 0.41
44.2183 0.28 0.41
44.2537 0.28 0.41
44.2921 0.28 0.41
44.3284 0.28 0.54
44.3662 0.28 0.41
44.4009 0.28 0.41
44.4393 0.28 0.41
44.4807 0.28 0.41
44.5177 0.28 0.41
44.5543 0.28 0.41
44.5913 0.28 0.41
44.6261 0.28 0.41
44.6603 0.28 0.41
44.7084 0.28 0.41
44.7479 0.28 0.41
44.7847 0.28 0.41
44.8203 0.28 0.41
44.8571 0.28 0.41
44.8939 0.28 0.41
44.9305 0.28 0.41
44.9670 0.28 0.41
45.0058 0.28 0.41
45.0410 0.28 0.41
45.0777 0.28 0.41
45.1198 0.28 0.54
45.1565 0.28 0.41
45.1926 0.28 0.41
time[sec] Pin[KPa] Pout[KPa]
06 26 19 14:08:46
0.0948 0.28 0.41
0.1697 0.41 0.41
0.5801 0.54 0.41
0.6228 0.54 0.41
0.6635 0.54 0.41
0.7039 0.54 0.41
0.7417 0.54 0.41
0.7773 0.54 0.41
0.8141 0.54 0.41
0.8522 0.54 0.41
0.8882 0.54 0.41
0.9255 0.54 0.41
0.9642 0.54 0.41
1.0035 0.54 0.41
1.0425 0.54 0.41
1.0794 0.54 0.41
1.1162 0.54 0.41
1.1564 0.54 0.41
1.2075 0.54 0.41
1.2449 0.54 0.41
1.2809 0.54 0.41
1.3178 0.54 0.41
1.3560 0.54 0.41
1.3930 0.54 0.41
1.4323 0.54 0.41
1.4665 0.54 0.28
1.5033 0.54 0.41
1.5399 0.54 0.41
1.5781 0.54 0.41
1.6151 0.54 0.41
1.6493 0.54 0.41
1.6876 0.54 0.41
1.7254 0.54 0.41
1.7599 0.54 0.41
1.7973 0.54 0.41
1.8330 0.54 0.41
1.8722 0.54 0.41
1.9087 0.54 0.41
1.9449 0.54 0.41
1.9805 0.54 0.41
2.0183 0.54 0.41
2.0553 0.54 0.41
2.0932 0.54 0.28
2.1285 0.54 0.41
2.1690 0.54 0.41
2.2193 0.54 0.41
2.2555 0.54 0.41
2.2942 0.54 0.41
2.3316 0.54 0.41
2.3666 0.54 0.41
2.4043 0.54 0.41
2.4412 0.54 0.41
2.4820 0.54 0.41
2.5190 0.54 0.41
2.5561 0.54 0.41
2.5939 0.54 0.41
2.6335 0.54 0.41
2.6718 0.41 0.41
2.7060 0.54 0.41
2.7438 0.54 0.41
2.7810 0.54 0.41
2.8211 0.54 0.41
2.8584 0.54 0.28
2.8953 0.54 0.41
2.9308 0.54 0.41
2.9688 0.54 0.41
3.0082 0.54 0.41
3.0473 0.54 0.41
3.0821 0.54 0.41
3.1180 0.54 0.41
3.1528 0.54 0.41
3.1980 0.54 0.28
3.2321 0.54 0.41
3.2662 0.54 0.41
3.3003 0.54 0.41
3.3381 0.54 0.41
3.3748 0.54 0.41
3.4097 0.54 0.41
3.4445 0.54 0.41
3.4789 0.54 0.41
3.5147 0.54 0.41
3.5524 0.54 0.41
3.5921 0.54 0.41
3.6286 0.54 0.54
3.6665 0.54 0.41
3.7042 0.54 0.41
3.7435 0.54 0.41
3.7789 0.54 0.41
3.8180 0.54 0.41
3.8522 0.54 0.41
3.8906 0.54 0.41
3.9280 0.54 0.41
3.9634 0.54 0.41
4.0001 0.54 0.41
4.0381 0.54 0.41
4.0749 0.54 0.41
4.1129 0.54 0.41
4.1495 0.54 0.41
4.1977 0.54 0.41
4.2338 0.54 0.41
4.2670 0.54 0.41
4.3044 0.54 0.41
4.3425 0.54 0.41
4.3783 0.54 0.41
4.4152 0.54 0.54
4.4520 0.54 0.41
4.4883 0.54 0.41
4.5252 0.54 0.41
4.5624 0.54 0.41
4.5955 0.54 0.41
4.6335 0.54 0.41
4.6737 0.54 0.41
4.7111 0.54 0.41
4.7466 0.54 0.41
4.7843 0.54 0.41
4.8185 0.54 0.28
4.8515 0.54 0.41
4.8855 0.54 0.41
4.9234 0.54 0.41
4.9602 0.54 0.41
4.9971 0.54 0.41
5.0353 0.54 0.41
5.0661 0.54 0.41
5.1028 0.54 0.41
5.1383 0.54 0.41
5.1832 0.54 0.41
5.2215 0.54 0.41
5.2578 0.54 0.41
5.2946 0.54 0.41
5.3318 0.54 0.41
5.3702 0.54 0.41
5.4080 0.54 0.41
5.4389 0.54 0.41
5.4761 0.54 0.41
5.5083 0.54 0.41
5.5438 0.54 0.41
5.5823 0.54 0.41
5.6189 0.54 0.41
5.6541 0.54 0.41
5.6885 0.54 0.41
5.7247 0.54 0.41
5.7604 0.54 0.41
5.7963 0.54 0.41
5.8327 0.54 0.41
5.8700 0.54 0.41
5.9054 0.54 0.41
5.9431 0.54 0.41
5.9776 0.54 0.41
6.0124 0.54 0.41
6.0498 0.54 0.41
6.0866 0.54 0.41
6.1228 0.54 0.41
6.1646 0.54 0.41
6.2046 0.54 0.28
6.2396 0.54 0.41
6.2727 0.54 0.41
6.3075 0.54 0.41
6.3440 0.54 0.41
6.3770 0.54 0.41
6.4127 0.54 0.41
6.4501 0.54 0.41
6.4869 0.54 0.41
6.5251 0.54 0.41
6.5605 0.54 0.41
6.5989 0.54 0.41
6.6334 0.54 0.41
6.6707 0.54 0.41
6.7080 0.54 0.41
6.7453 0.54 0.41
6.7806 0.54 0.41
6.8149 0.54 0.41
6.8529 0.54 0.41
6.8890 0.54 0.41
6.9222 0.54 0.41
6.9586 0.54 0.41
6.9932 0.54 0.41
7.0318 0.54 0.41
7.0690 0.54 0.41
7.1062 0.54 0.41
7.1431 0.54 0.54
7.1869 0.54 0.41
7.2239 0.54 0.41
7.2607 0.54 0.54
7.2985 0.54 0.41
7.3359 0.54 0.41
7.3723 0.54 0.41
7.4089 0.54 0.41
7.4422 0.54 0.41
7.4781 0.54 0.41
7.5150 0.54 0.41
7.5503 0.54 0.41
7.5857 0.54 0.41
7.6214 0.54 0.28
7.6592 0.54 0.41
7.6963 0.54 0.41
7.7326 0.54 0.41
7.7692 0.54 0.41
7.8041 0.54 0.41
7.8399 0.54 0.41
7.8750 0.54 0.41
7.9115 0.54 0.41
7.9487 0.54 0.28
7.9861 0.54 0.41
8.0235 0.54 0.41
8.0605 0.54 0.41
8.0965 0.54 0.41
8.1332 0.54 0.41
8.1777 0.54 0.41
8.2166 0.54 0.41
8.2532 0.54 0.41
8.2903 0.54 0.41
8.3274 0.54 0.41
8.3628 0.54 0.41
8.3992 0.54 0.41
8.4365 0.54 0.28
8.4735 0.54 0.41
8.5107 0.54 0.41
8.5475 0.54 0.41
8.5808 0.54 0.41
8.6161 0.54 0.41
8.6497 0.54 0.41
8.6868 0.54 0.28
8.7249 0.54 0.54
8.7649 0.54 0.41
8.7996 0.54 0.41
8.8350 0.54 0.41
8.8714 0.54 0.41
8.9085 0.54 0.41
8.9446 0.54 0.41
8.9812 0.54 0.41
9.0181 0.54 0.41
9.0556 0.54 0.41
9.0925 0.54 0.41
9.1310 0.54 0.41
9.1680 0.54 0.41
9.2123 0.54 0.41
9.2443 0.54 0.41
9.2811 0.54 0.41
9.3176 0.54 0.28
9.3537 0.54 0.41
9.3909 0.54 0.41
9.4291 0.54 0.41
9.4651 0.54 0.41
9.4981 0.54 0.41
9.5343 0.54 0.41
9.5711 0.54 0.41
9.6085 0.54 0.41
9.6456 0.54 0.41
9.6817 0.54 0.41
9.7191 0.54 0.41
9.7564 0.54 0.41
9.7933 0.54 0.41
9.8317 0.54 0.41
9.8669 0.54 0.41
9.9037 0.41 0.41
9.9400 0.54 0.41
9.9765 0.54 0.41
10.0133 0.54 0.54
10.0506 0.54 0.41
10.0879 0.54 0.41
10.1207 0.54 0.41
10.1562 0.54 0.41
10.2069 0.54 0.41
10.2435 0.54 0.41
10.2789 0.54 0.41
10.3128 0.54 0.41
10.3485 0.54 0.41
10.3825 0.54 0.41
10.4184 0.54 0.41
10.4523 0.54 0.41
10.4852 0.54 0.41
10.5206 0.54 0.41
10.5549 0.54 0.41
10.5913 0.54 0.28
10.6285 0.54 0.41
10.6655 0.54 0.28
10.7013 0.54 0.41
10.7412 0.54 0.28
10.7800 0.54 0.41
10.8212 0.54 0.41
10.8577 0.54 0.41
10.8950 0.54 0.41
10.9300 0.54 0.41
10.9671 0.54 0.41
11.0057 0.54 0.41
11.0404 0.54 0.41
11.0750 0.54 0.41
11.1104 0.54 0.41
11.1480 0.54 0.41
11.1881 0.54 0.41
11.2258 0.54 0.41
11.2633 0.54 0.41
11.2990 0.54 0.41
11.3364 0.54 0.41
11.3736 0.54 0.41
11.4114 0.54 0.41
11.4481 0.54 0.41
11.4848 0.54 0.41
11.5215 0.54 0.41
11.5581 0.54 0.41
11.5934 0.54 0.41
11.6313 0.54 0.41
11.6679 0.54 0.41
11.7055 0.54 0.41
11.7460 0.54 0.41
11.7831 0.54 0.41
11.8210 0.54 0.41
11.8553 0.54 0.41
11.8977 0.54 0.41
11.9355 0.54 0.41
11.9723 0.54 0.41
12.0086 0.54 0.41
12.0463 0.54 0.41
12.0847 0.54 0.41
12.1194 0.54 0.41
12.1577 0.54 0.41
12.2007 0.54 0.41
12.2382 0.54 0.41
12.2741 0.54 0.41
12.3073 0.54 0.41
12.3450 0.54 0.41
12.3850 0.54 0.41
12.4230 0.54 0.41
12.4593 0.54 0.41
12.4923 0.54 0.41
12.5302 0.54 0.41
12.5641 0.54 0.41
12.5990 0.54 0.41
12.6355 0.54 0.41
12.6680 0.54 0.41
12.7045 0.54 0.41
12.7401 0.54 0.41
12.7777 0.54 0.41
12.8150 0.54 0.41
12.8543 0.54 0.41
12.8939 0.54 0.41
12.9317 0.54 0.41
12.9661 0.54 0.41
13.0038 0.41 0.41
13.0464 0.54 0.41
13.0859 0.54 0.41
13.1236 0.54 0.41
13.1717 0.54 0.41
13.2256 0.54 0.41
13.2635 0.54 0.41
13.2999 0.54 0.41
13.3395 0.54 0.41
13.3759 0.54 0.41
13.4129 0.54 0.41
13.4547 0.54 0.41
13.4912 0.54 0.41
13.5277 0.54 0.41
13.5612 0.54 0.41
13.5988 0.54 0.41
13.6348 0.54 0.41
13.6722 0.54 0.41
13.7077 0.54 0.41
13.7448 0.54 0.41
13.7814 0.54 0.54
13.8177 0.54 0.67
13.8550 0.54 0.67
13.8927 0.54 0.80
13.9360 0.54 0.67
13.9754 0.54 0.80
14.0078 0.41 0.80
14.0445 0.54 0.80
14.0793 0.54 0.80
14.1183 0.54 0.93
14.1555 0.54 1.06
14.1994 0.54 1.19
14.2363 0.54 1.19
14.2745 0.54 1.32
14.3107 0.54 1.32
14.3468 0.54 1.32
14.3845 0.54 1.32
14.4209 0.54 1.32
14.4581 0.54 1.44
14.4951 0.41 1.57
14.5327 0.54 1.70
14.5670 0.54 1.70
14.6015 0.54 1.83
14.6367 0.54 1.70
14.6709 0.54 1.83
14.7076 0.41 1.83
14.7480 0.41 1.83
14.7856 0.41 1.83
14.8261 0.54 1.96
14.8622 0.54 2.09
14.8985 0.41 2.22
14.9335 0.41 2.35
14.9660 0.54 2.35
15.0037 0.54 2.35
15.0361 0.54 2.35
15.0709 0.54 2.35
15.1057 0.54 2.35
15.1404 0.41 2.61
15.1800 0.41 2.61
15.2157 0.41 2.61
15.2531 0.54 2.73
15.2895 0.41 2.86
15.3251 0.41 2.86
15.3592 0.41 2.99
15.3944 0.41 2.99
15.4334 0.41 2.99
15.4695 0.41 2.99
15.5065 0.41 2.99
15.5442 0.41 3.12
15.5807 0.41 3.12
15.6165 0.41 3.25
15.6544 0.41 3.25
15.6903 0.41 3.38
15.7272 0.41 3.38
15.7610 0.41 3.38
15.7967 0.41 3.38
15.8331 0.41 3.51
15.8683 0.41 3.38
15.9046 0.41 3.51
15.9417 0.41 3.64
15.9763 0.41 3.64
16.0109 0.54 3.64
16.0433 0.41 3.64
16.0808 0.41 3.77
16.1163 0.41 3.77
16.1537 0.41 3.77
16.2014 0.41 3.77
16.2366 0.41 3.77
16.2713 0.41 3.89
16.3142 0.41 3.89
16.3513 0.41 4.02
16.3873 0.41 4.02
16.4255 0.41 4.15
16.4571 0.54 4.15
16.4944 0.41 4.15
16.5267 0.41 4.15
16.5648 0.41 4.15
16.6021 0.41 4.15
16.6366 0.54 4.28
16.6707 0.41 4.28
16.7073 0.54 4.41
16.7447 0.41 4.41
16.7796 0.54 4.41
16.8180 0.54 4.41
16.8517 0.41 4.41
16.8879 0.41 4.41
16.9245 0.54 4.41
16.9613 0.41 4.54
16.9984 0.41 4.54
17.0360 0.54 4.54
17.0742 0.54 4.67
17.1109 0.41 4.67
17.1468 0.54 4.67
17.1901 0.54 4.67
17.2263 0.41 4.80
17.2649 0.54 4.80
17.3014 0.54 4.80
17.3377 0.54 4.80
17.3754 0.54 4.80
17.4086 0.54 4.93
17.4454 0.41 4.93
17.4813 0.54 4.93
17.5181 0.54 4.93
17.5548 0.54 5.06
17.5913 0.54 5.06
17.6282 0.54 5.06
17.6659 0.54 5.06
17.7019 0.54 5.06
17.7388 0.54 5.06
17.7757 0.54 5.18
17.8140 0.54 5.18
17.8493 0.54 5.18
17.8864 0.54 5.18
17.9230 0.54 5.31
17.9607 0.54 5.31
18.0002 0.54 5.44
18.0378 0.54 5.44
18.0750 0.54 5.44
18.1072 0.54 5.44
18.1453 0.54 5.44
18.1910 0.54 5.44
18.2275 0.54 5.44
18.2630 0.54 5.57
18.2975 0.54 5.57
18.3328 0.54 5.57
18.3695 0.54 5.57
18.4077 0.54 5.70
18.4435 0.54 5.57
18.4811 0.54 5.70
18.5162 0.54 5.70
18.5493 0.41 5.70
18.5845 0.54 5.70
18.6214 0.54 5.70
18.6537 0.54 5.83
18.6884 0.54 5.83
18.7215 0.54 5.83
18.7559 0.54 5.83
18.7920 0.54 5.83
18.8298 0.54 5.83
18.8623 0.54 5.96
18.8944 0.54 5.96
18.9325 0.54 5.96
18.9693 0.54 5.96
19.0046 0.54 5.96
19.0424 0.54 6.09
19.0795 0.54 5.96
19.1172 0.54 5.96
19.1536 0.54 6.09
19.1940 0.54 6.09
19.2311 0.54 6.09
19.2667 0.54 6.09
19.3049 0.54 6.09
19.3418 0.54 6.09
19.3788 0.54 6.22
19.4135 0.54 6.22
19.4485 0.54 6.22
19.4805 0.54 6.22
19.5179 0.54 6.22
19.5556 0.54 6.34
19.5904 0.54 6.34
19.6254 0.54 6.34
19.6571 0.54 6.34
19.6920 0.54 6.34
19.7289 0.54 6.34
19.7668 0.54 6.34
19.8041 0.54 6.34
19.8409 0.54 6.34
19.8824 0.54 6.47
19.9187 0.54 6.47
19.9552 0.54 6.47
19.9935 0.54 6.47
20.0292 0.54 6.34
20.0655 0.54 6.60
20.1028 0.54 6.47
20.1363 0.54 6.60
20.1814 0.54 6.60
20.2183 0.54 6.60
20.2550 0.54 6.60
20.2930 0.54 6.73
20.3297 0.67 6.73
20.3650 0.54 6.73
20.4015 0.54 6.60
20.4394 0.54 6.60
20.4743 0.54 6.73
20.5093 0.54 6.73
20.5443 0.54 6.73
20.5784 0.54 6.73
20.6162 0.54 6.86
20.6531 0.54 6.86
20.6890 0.54 6.86
20.7212 0.54 6.86
20.7551 0.54 6.86
20.7931 0.54 6.86
20.8315 0.67 6.86
20.8654 0.54 6.86
20.9031 0.54 6.86
20.9383 0.54 6.86
20.9737 0.54 6.86
21.0122 0.54 6.99
21.0489 0.54 6.99
21.0824 0.54 6.99
21.1199 0.54 6.99
21.1521 0.54 6.99
21.2012 0.54 6.99
21.2392 0.67 6.99
21.2713 0.54 6.99
21.3084 0.54 7.12
21.3409 0.54 7.12
21.3776 0.54 7.12
21.4148 0.54 7.12
21.4518 0.54 7.12
21.4849 0.54 7.12
21.5170 0.54 7.12
21.5541 0.54 7.12
21.5908 0.67 7.12
21.6262 0.67 7.25
21.6648 0.54 7.12
21.7008 0.54 7.25
21.7384 0.67 7.25
21.7757 0.54 7.25
21.8085 0.54 7.25
21.8462 0.54 7.25
21.8811 0.54 7.25
21.9182 0.54 7.25
21.9538 0.67 7.25
21.9912 0.54 7.25
22.0285 0.54 7.38
22.0616 0.54 7.38
22.0982 0.67 7.38
22.1358 0.54 7.25
22.1752 0.67 7.38
22.2125 0.67 7.38
22.2486 0.54 7.38
22.2870 0.54 7.38
22.3240 0.54 7.38
22.3602 0.54 7.38
22.3965 0.54 7.38
22.4337 0.54 7.38
22.4730 0.54 7.38
22.5143 0.67 7.38
22.5456 0.54 7.51
22.5822 0.54 7.51
22.6196 0.54 7.51
22.6518 0.67 7.38
22.6890 0.54 7.51
22.7258 0.67 7.51
22.7619 0.67 7.51
22.7991 0.67 7.51
22.8364 0.67 7.51
22.8730 0.67 7.51
22.9102 0.67 7.51
22.9469 0.67 7.51
22.9845 0.67 7.51
23.0201 0.67 7.51
23.0577 0.67 7.63
23.0922 0.67 7.63
23.1271 0.67 7.51
23.1616 0.67 7.63
23.2054 0.67 7.63
23.2415 0.67 7.51
23.2782 0.67 7.63
23.3172 0.54 7.63
23.3501 0.67 7.63
23.3854 0.54 7.63
23.4206 0.67 7.63
23.4572 0.67 7.63
23.4946 0.67 7.51
23.5327 0.54 7.63
23.5685 0.54 7.76
23.6054 0.67 7.76
23.6421 0.67 7.76
23.6791 0.67 7.76
23.7159 0.54 7.76
23.7536 0.67 7.76
23.7901 0.67 7.76
23.8267 0.67 7.63
23.8638 0.67 7.76
23.9006 0.67 7.76
23.9387 0.67 7.76
23.9730 0.67 7.76
24.0120 0.67 7.76
24.0480 0.67 7.76
24.0852 0.67 7.76
24.1225 0.67 7.76
24.1598 0.67 7.76
24.2007 0.67 7.76
24.2332 0.67 7.76
24.2693 0.67 7.76
24.3081 0.67 7.76
24.3434 0.67 7.76
24.3804 0.54 7.89
24.4176 0.67 7.89
24.4549 0.67 7.76
24.4868 0.67 7.89
24.5231 0.67 7.89
24.5606 0.67 7.89
24.5934 0.67 7.89
24.6290 0.67 7.89
24.6631 0.67 7.89
24.7003 0.67 7.89
24.7327 0.54 7.89
24.7696 0.67 7.89
24.8072 0.67 7.89
24.8434 0.67 7.89
24.8795 0.67 7.89
24.9183 0.67 7.89
24.9557 0.67 7.89
24.9938 0.67 7.89
25.0308 0.67 7.89
25.0679 0.67 7.89
25.1050 0.67 7.89
25.1422 0.67 7.89
25.1864 0.67 8.02
25.2239 0.67 7.89
25.2610 0.67 7.89
25.2970 0.67 8.02
25.3350 0.67 8.02
25.3730 0.67 8.02
25.4089 0.67 8.02
25.4410 0.67 8.02
25.4818 0.67 8.02
25.5188 0.67 8.02
25.5559 0.67 8.02
25.5936 0.67 8.02
25.6303 0.67 8.02
25.6675 0.67 8.02
25.7019 0.67 8.02
25.7396 0.67 8.02
25.7773 0.67 8.02
25.8144 0.67 8.02
25.8468 0.67 8.02
25.8821 0.67 8.02
25.9169 0.67 8.15
25.9547 0.67 8.15
25.9887 0.67 8.02
26.0237 0.67 8.02
26.0592 0.67 8.02
26.0976 0.67 8.02
26.1350 0.67 8.15
26.1688 0.67 8.02
26.2068 0.67 8.15
26.2456 0.67 8.15
26.2853 0.67 8.15
26.3224 0.67 8.02
26.3597 0.67 8.15
26.3955 0.67 8.02
26.4320 0.67 8.02
26.4700 0.67 8.02
26.5067 0.67 8.15
26.5391 0.67 8.15
26.5742 0.67 8.15
26.6090 0.67 8.15
26.6457 0.67 8.15
26.6794 0.67 8.15
26.7151 0.67 8.15
26.7522 0.67 8.15
26.7925 0.67 8.15
26.8291 0.67 8.15
26.8674 0.67 8.15
26.9036 0.67 8.15
26.9397 0.67 8.02
26.9774 0.67 8.15
27.0145 0.67 8.15
27.0507 0.67 8.15
27.0887 0.67 8.15
27.1252 0.67 8.15
27.1593 0.67 8.15
27.2040 0.67 8.15
27.2384 0.67 8.15
27.2765 0.67 8.15
27.3100 0.67 8.15
27.3429 0.67 8.15
27.3790 0.67 8.15
27.4166 0.67 8.15
27.4528 0.67 8.15
27.4878 0.67 8.15
27.5218 0.67 8.15
27.5579 0.67 8.15
27.5956 0.67 8.15
27.6322 0.67 8.15
27.6693 0.67 8.15
27.7064 0.67 8.15
27.7439 0.67 8.15
27.7803 0.67 8.15
27.8181 0.67 8.15
27.8578 0.67 8.15
27.8942 0.67 8.28
27.9319 0.67 8.15
27.9692 0.67 8.15
28.0064 0.80 8.15
28.0391 0.67 8.28
28.0749 0.67 8.15
28.1117 0.67 8.15
28.1493 0.67 8.28
28.1945 0.67 8.28
28.2320 0.80 8.15
28.2690 0.67 8.28
28.3010 0.67 8.28
28.3358 0.67 8.15
28.3706 0.67 8.28
28.4068 0.67 8.15
28.4443 0.67 8.15
28.4769 0.67 8.28
28.5132 0.67 8.15
28.5484 0.67 8.15
28.5835 0.67 8.28
28.6206 0.67 8.15
28.6567 0.67 8.15
28.6914 0.67 8.28
28.7227 0.67 8.28
28.7594 0.67 8.28
28.7968 0.67 8.28
28.8336 0.67 8.28
28.8678 0.67 8.28
28.9020 0.67 8.28
28.9400 0.67 8.15
28.9722 0.67 8.15
29.0095 0.67 8.15
29.0465 0.67 8.15
29.0837 0.67 8.28
29.1204 0.67 8.15
29.1527 0.67 8.15
29.1972 0.67 8.15
29.2331 0.67 8.15
29.2699 0.67 8.15
29.3092 0.67 8.15
29.3448 0.67 8.28
29.3833 0.67 8.28
29.4192 0.67 8.15
29.4558 0.67 8.28
29.4928 0.67 8.15
29.5257 0.67 8.28
29.5620 0.67 8.28
29.5985 0.67 8.28
29.6347 0.67 8.15
29.6726 0.67 8.15
29.7087 0.67 8.28
29.7472 0.67 8.28
29.7837 0.67 8.28
29.8191 0.67 8.28
29.8569 0.67 8.28
29.8940 0.67 8.28
29.9312 0.67 8.28
29.9646 0.67 8.28
30.0016 0.67 8.28
30.0383 0.67 8.15
30.0725 0.41 8.28
30.1079 0.28 8.28
30.1428 0.28 8.28
30.1854 0.28 8.28
30.2226 0.28 8.15
30.2584 0.28 8.28
30.2971 0.28 8.28
30.3307 0.28 8.28
30.3652 0.28 8.28
30.4013 0.28 8.28
30.4382 0.28 8.28
30.4759 0.28 8.28
30.5131 0.28 8.28
30.5482 0.28 8.28
30.5849 0.28 8.28
30.6225 0.28 8.28
30.6583 0.28 8.28
30.6918 0.28 8.28
30.7309 0.28 8.28
30.7668 0.28 8.28
30.8051 0.15 8.28
30.8383 0.15 8.28
30.8719 0.28 8.28
30.9100 0.28 8.28
30.9468 0.28 8.28
30.9840 0.28 8.28
31.0214 0.28 8.28
31.0548 0.28 8.28
31.0908 0.28 8.28
31.1278 0.28 8.28
31.1649 0.28 8.28
31.2257 0.28 8.41
31.2657 0.28 8.28
31.3026 0.28 8.41
31.3395 0.28 8.28
31.3761 0.15 8.28
31.4136 0.28 8.28
31.4514 0.28 8.28
31.4868 0.28 8.28
31.5239 0.28 8.28
31.5615 0.28 8.28
31.5978 0.28 8.28
31.6358 0.28 8.28
31.6676 0.15 8.28
31.7046 0.28 8.28
31.7422 0.28 8.28
31.7772 0.28 8.28
31.8147 0.28 8.28
31.8506 0.28 8.28
31.8880 0.28 8.28
31.9257 0.28 8.28
31.9634 0.28 8.28
32.0009 0.15 8.28
32.0348 0.28 8.28
32.0689 0.28 8.28
32.1042 0.28 8.28
32.1367 0.15 8.28
32.1774 0.28 8.28
32.2154 0.28 8.28
32.2530 0.28 8.28
32.2902 0.28 8.28
32.3272 0.28 8.28
32.3636 0.28 8.28
32.4024 0.28 8.28
32.4360 0.28 8.28
32.4709 0.28 8.28
32.5039 0.28 8.28
32.5399 0.28 8.28
32.5777 0.28 8.28
32.6181 0.15 8.28
32.6542 0.28 8.28
32.6918 0.28 8.28
32.7291 0.28 8.41
32.7667 0.28 8.28
32.7988 0.28 8.28
32.8351 0.28 8.28
32.8727 0.28 8.41
32.9094 0.28 8.28
32.9445 0.28 8.28
32.9792 0.15 8.28
33.0152 0.28 8.28
33.0491 0.28 8.28
33.0851 0.28 8.28
33.1212 0.28 8.28
33.1547 0.28 8.28
33.1996 0.28 8.28
33.2367 0.28 8.28
33.2724 0.28 8.28
33.3088 0.28 8.28
33.3453 0.28 8.28
33.3800 0.15 8.28
33.4181 0.28 8.28
33.4540 0.28 8.28
33.4864 0.15 8.28
33.5240 0.28 8.28
33.5610 0.28 8.28
33.5922 0.15 8.28
33.6301 0.28 8.28
33.6667 0.28 8.28
33.7039 0.28 8.28
33.7365 0.28 8.41
33.7750 0.28 8.28
33.8100 0.28 8.28
33.8474 0.15 8.28
33.8842 0.28 8.28
33.9202 0.28 8.28
33.9573 0.28 8.28
33.9943 0.28 8.28
34.0313 0.28 8.28
34.0677 0.28 8.28
34.1041 0.15 8.28
34.1428 0.28 8.28
34.1876 0.28 8.28
34.2196 0.28 8.28
34.2573 0.28 8.28
34.2929 0.28 8.28
34.3319 0.28 8.28
34.3683 0.15 8.28
34.4040 0.28 8.28
34.4402 0.15 8.28
34.4773 0.28 8.28
34.5186 0.28 8.28
34.5573 0.28 8.28
34.5933 0.28 8.28
34.6249 0.28 8.28
34.6620 0.28 8.28
34.6998 0.28 8.28
34.7364 0.28 8.28
34.7718 0.15 8.28
34.8048 0.28 8.28
34.8417 0.28 8.28
34.8796 0.28 8.28
34.9145 0.28 8.28
34.9486 0.28 8.28
34.9859 0.15 8.28
35.0231 0.28 8.15
35.0585 0.28 8.28
35.0961 0.28 8.28
35.1331 0.15 8.28
35.1742 0.28 8.28
35.2157 0.28 8.28
35.2525 0.28 8.28
35.2887 0.28 8.28
35.3257 0.28 8.28
35.3632 0.28 8.28
35.3994 0.28 8.28
35.4350 0.28 8.28
35.4743 0.28 8.28
35.5103 0.28 8.28
35.5433 0.28 8.28
35.5790 0.28 8.28
35.6183 0.28 8.28
35.6536 0.28 8.28
35.6905 0.15 8.28
35.7232 0.28 8.28
35.7605 0.28 8.41
35.7929 0.28 8.28
35.8296 0.28 8.28
35.8655 0.28 8.28
35.9050 0.28 8.28
35.9420 0.28 8.28
35.9807 0.28 8.28
36.0182 0.15 8.28
36.0553 0.28 8.28
36.0911 0.28 8.28
36.1293 0.15 8.28
36.1719 0.28 8.28
36.2072 0.28 8.28
36.2442 0.28 8.28
36.2845 0.28 8.28
36.3211 0.28 8.28
36.3574 0.28 8.28
36.3944 0.28 8.28
36.4307 0.28 8.28
36.4685 0.28 8.28
36.5044 0.28 8.28
36.5417 0.28 8.28
36.5797 0.28 8.28
36.6147 0.28 8.28
36.6521 0.28 8.28
36.6890 0.28 8.28
36.7259 0.28 8.28
36.7637 0.28 8.28
36.7966 0.28 8.28
36.8340 0.28 8.41
36.8709 0.28 8.28
36.9049 0.28 8.28
36.9401 0.28 8.28
36.9745 0.28 8.28
37.0099 0.28 8.28
37.0477 0.28 8.28
37.0826 0.28 8.28
37.1199 0.28 8.28
37.1569 0.28 8.28
37.2011 0.28 8.28
37.2379 0.28 8.15
37.2752 0.28 8.28
37.3119 0.28 8.28
37.3487 0.28 8.28
37.3844 0.28 8.28
37.4219 0.28 8.28
37.4592 0.28 8.15
37.4966 0.28 8.28
37.5317 0.28 8.28
37.5700 0.28 8.28
37.6030 0.15 8.28
37.6389 0.28 8.28
37.6732 0.15 8.28
37.7085 0.28 8.28
37.7512 0.15 8.15
37.7874 0.28 8.28
37.8258 0.28 8.28
37.8613 0.28 8.28
37.8989 0.28 8.28
37.9324 0.28 8.28
37.9708 0.28 8.28
38.0069 0.15 8.28
38.0422 0.28 8.28
38.0780 0.28 8.28
38.1157 0.28 8.28
38.1519 0.15 8.28
38.1925 0.28 8.28
38.2290 0.28 8.28
38.2673 0.28 8.28
38.3042 0.28 8.28
38.3400 0.15 8.28
38.3778 0.28 8.15
38.4142 0.28 8.28
38.4497 0.28 8.28
38.4877 0.15 8.28
38.5252 0.28 8.28
38.5618 0.15 8.15
38.5981 0.28 8.28
38.6357 0.28 8.15
38.6727 0.28 8.28
38.7078 0.28 8.15
38.7468 0.28 8.28
38.7847 0.28 8.28
38.8238 0.28 8.15
38.8567 0.28 8.15
38.8938 0.28 8.15
38.9311 0.28 8.28
38.9656 0.28 8.15
39.0037 0.28 8.28
39.0417 0.28 8.15
39.0774 0.28 8.28
39.1140 0.28 8.28
39.1517 0.28 8.15
39.1967 0.28 8.28
39.2320 0.28 8.28
39.2696 0.28 8.28
39.3060 0.28 8.28
39.3399 0.28 8.28
39.3776 0.28 8.28
39.4097 0.15 8.15
39.4466 0.28 8.28
39.4797 0.28 8.15
39.5164 0.28 8.28
39.5529 0.28 8.28
39.5897 0.28 8.15
39.6261 0.28 8.15
39.6633 0.28 8.15
39.7013 0.28 8.15
39.7377 0.28 8.15
39.7745 0.28 8.15
39.8114 0.28 8.15
39.8479 0.28 8.28
39.8852 0.15 8.28
39.9215 0.28 8.28
39.9589 0.28 8.28
39.9937 0.28 8.28
40.0303 0.28 8.15
40.0628 0.28 8.15
40.0982 0.28 8.28
40.1314 0.28 8.15
40.1781 0.15 8.28
40.2157 0.28 8.15
40.2517 0.28 8.15
40.2820 0.28 8.15
40.3191 0.15 8.28
40.3565 0.15 8.15
40.3906 0.28 8.15
40.4256 0.15 8.15
40.4622 0.28 8.15
40.4987 0.28 8.28
40.5353 0.28 8.15
40.5732 0.28 8.15
40.6108 0.28 8.15
40.6461 0.28 8.15
40.6831 0.28 8.15
40.7205 0.28 8.15
40.7571 0.28 8.15
40.7941 0.28 8.15
40.8318 0.28 8.15
40.8662 0.28 8.15
40.9008 0.28 8.15
40.9380 0.28 8.15
40.9700 0.28 8.15
41.0074 0.28 8.15
41.0426 0.28 8.15
41.0801 0.28 8.15
41.1170 0.28 8.15
41.1540 0.15 8.15
41.1953 0.28 8.15
41.2318 0.28 8.15
41.2694 0.28 8.15
41.3048 0.28 8.15
41.3413 0.28 8.15
41.3784 0.28 8.15
41.4163 0.28 8.15
41.4527 0.15 8.15
41.4899 0.28 8.15
41.5264 0.28 8.15
41.5600 0.15 8.15
41.5972 0.28 8.15
41.6318 0.15 8.15
41.6670 0.28 8.15
41.7034 0.28 8.15
41.7408 0.28 8.15
41.7774 0.28 8.15
41.8140 0.28 8.15
41.8511 0.28 8.15
41.8879 0.28 8.15
41.9242 0.28 8.15
41.9620 0.28 8.15
41.9963 0.28 8.28
42.0318 0.28 8.15
42.0669 0.28 8.15
42.1039 0.28 8.15
42.1411 0.28 8.15
42.1833 0.28 8.15
42.2201 0.28 8.15
42.2570 0.28 8.15
42.2894 0.28 8.02
42.3263 0.28 8.15
42.3616 0.28 8.15
42.4008 0.15 8.15
42.4372 0.28 8.15
42.4750 0.28 8.15
42.5071 0.28 8.15
42.5432 0.28 8.15
42.5803 0.28 8.15
42.6154 0.28 8.15
42.6525 0.28 8.15
42.6908 0.15 8.15
42.7270 0.28 8.15
42.7642 0.28 8.15
42.8037 0.28 8.15
42.8421 0.28 8.15
42.8793 0.28 8.15
42.9160 0.28 8.15
42.9527 0.28 8.15
42.9903 0.28 8.15
43.0224 0.28 8.15
43.0590 0.28 8.02
43.0945 0.28 8.15
43.1344 0.28 8.15
43.1723 0.28 8.15
43.2147 0.28 8.15
43.2501 0.28 8.15
43.2850 0.28 8.15
43.3211 0.28 8.15
43.3588 0.28 8.15
43.3956 0.28 8.15
43.4342 0.28 8.15
43.4689 0.28 8.02
43.5016 0.28 8.02
43.5394 0.28 8.02
43.5714 0.28 8.15
43.6043 0.28 8.15
43.6408 0.28 8.02
43.6788 0.15 8.15
43.7104 0.28 8.15
43.7480 0.28 8.15
43.7845 0.28 8.15
43.8218 0.28 8.02
43.8588 0.28 8.15
43.8946 0.28 8.15
43.9324 0.28 8.02
43.9663 0.28 8.15
44.0017 0.28 8.15
44.0343 0.28 8.15
44.0717 0.28 8.15
44.1078 0.28 8.15
44.1427 0.15 8.15
44.1865 0.28 8.15
44.2230 0.28 8.15
44.2590 0.28 8.15
44.2949 0.28 8.02
44.3329 0.28 8.02
44.3703 0.28 8.02
44.4064 0.28 8.15
44.4482 0.28 8.02
44.4851 0.28 8.15
44.5214 0.28 8.15
44.5571 0.28 8.15
time[sec] Pin[KPa] Pout[KPa]
06 26 19 14:11:41
0.0840 0.28 0.54
0.1538 0.54 0.41
0.1987 1.57 0.41
0.2377 2.35 0.54
0.2781 2.99 0.54
0.3167 3.77 0.54
0.3543 4.41 0.54
0.3993 5.06 0.41
0.4347 5.70 0.41
0.4727 6.22 0.41
0.5089 6.86 0.41
0.5460 7.38 0.41
0.5839 7.89 0.41
0.6245 8.28 0.41
0.6615 8.80 0.41
0.6982 9.18 0.41
0.7340 9.44 0.41
0.7717 9.83 0.41
0.8097 10.21 0.41
0.8462 10.47 0.41
0.8818 10.86 0.41
0.9183 10.99 0.41
0.9551 11.25 0.41
0.9934 11.50 0.41
1.0301 11.76 0.41
1.0662 12.02 0.41
1.1048 12.28 0.41
1.1395 12.41 0.41
1.1759 12.66 0.41
1.2128 12.79 0.41
1.2500 12.92 0.41
1.2864 13.05 0.41
1.3230 13.31 0.41
1.3627 13.44 0.41
1.4075 13.57 0.41
1.4426 13.70 0.41
1.4823 13.70 0.41
1.5213 13.82 0.41
1.5583 13.95 0.41
1.5946 14.08 0.41
1.6336 14.21 0.41
1.6732 14.21 0.41
1.7095 14.34 0.41
1.7467 14.34 0.41
1.7839 14.47 0.41
1.8246 14.47 0.41
1.8610 14.60 0.41
1.8999 14.60 0.41
1.9397 14.73 0.41
1.9767 14.73 0.41
2.0128 14.73 0.41
2.0511 14.73 0.41
2.0906 14.86 0.41
2.1293 14.86 0.41
2.1683 14.86 0.41
2.2060 14.86 0.54
2.2414 14.99 0.41
2.2776 14.99 0.41
2.3161 14.99 0.41
2.3517 14.99 0.41
2.3991 14.99 0.41
2.4333 14.99 0.41
2.4702 15.11 0.41
2.5076 15.11 0.41
2.5461 15.11 0.41
2.5870 15.11 0.41
2.6229 15.11 0.41
2.6598 15.11 0.41
2.6976 15.11 0.41
2.7302 15.11 0.41
2.7672 15.11 0.41
2.8058 15.11 0.41
2.8427 15.24 0.41
2.8795 15.11 0.41
2.9173 15.24 0.54
2.9553 15.24 0.41
2.9910 15.24 0.41
3.0283 15.24 0.41
3.0654 15.24 0.41
3.1010 15.24 0.41
3.1428 15.24 0.41
3.1815 15.24 0.41
3.2159 15.24 0.41
3.2528 15.24 0.41
3.2891 15.24 0.41
3.3267 15.24 0.41
3.3668 15.24 0.41
3.4164 15.24 0.41
3.4546 15.24 0.41
3.4918 15.24 0.54
3.5268 15.24 0.41
3.5678 15.24 0.54
3.6061 15.24 0.41
3.6429 15.24 0.41
3.6766 15.24 0.41
3.7107 15.24 0.41
3.7457 15.24 0.41
3.7808 15.24 0.54
3.8192 15.24 0.54
3.8571 15.24 0.41
3.8888 15.24 0.41
3.9282 15.24 0.41
3.9665 15.24 0.41
4.0015 15.37 0.41
4.0401 15.37 0.41
4.0753 15.24 0.41
4.1130 15.37 0.41
4.1506 15.24 0.41
4.1874 15.37 0.54
4.2231 15.24 0.41
4.2603 15.24 0.41
4.2993 15.37 0.41
4.3336 15.37 0.41
4.3898 15.24 0.41
4.4302 15.37 0.54
4.4666 15.24 0.41
4.5031 15.37 0.41
4.5417 15.37 0.41
4.5775 15.37 0.41
4.6140 15.37 0.41
4.6503 15.37 0.41
4.6880 15.24 0.41
4.7232 15.37 0.41
4.7610 15.24 0.41
4.7997 15.37 0.54
4.8344 15.24 0.41
4.8714 15.24 0.41
4.9124 15.24 0.41
4.9496 15.24 0.41
4.9861 15.37 0.41
5.0260 15.37 0.41
5.0632 15.37 0.41
5.1008 15.24 0.41
5.1383 15.24 0.41
5.1742 15.24 0.41
5.2099 15.37 0.41
5.2447 15.37 0.41
5.2787 15.37 0.41
5.3132 15.24 0.41
5.3507 15.24 0.41
5.3951 15.37 0.41
5.4316 15.37 0.41
5.4702 15.37 0.41
5.5073 15.24 0.41
5.5419 15.24 0.41
5.5804 15.37 0.41
5.6211 15.37 0.41
5.6574 15.37 0.41
5.6957 15.37 0.41
5.7282 15.24 0.41
5.7646 15.37 0.41
5.8019 15.24 0.41
5.8425 15.37 0.41
5.8785 15.24 0.41
5.9159 15.37 0.41
5.9534 15.24 0.41
5.9897 15.37 0.28
6.0269 15.24 0.41
6.0637 15.24 0.41
6.1013 15.24 0.41
6.1358 15.24 0.41
6.1736 15.24 0.41
6.2108 15.24 0.41
6.2485 15.24 0.41
6.2858 15.37 0.41
6.3206 15.24 0.41
6.3577 15.37 0.41
6.4062 15.37 0.41
6.4436 15.37 0.41
6.4815 15.24 0.41
6.5192 15.24 0.41
6.5509 15.24 0.41
6.5867 15.24 0.41
6.6251 15.24 0.41
6.6612 15.37 0.41
6.6973 15.24 0.41
6.7339 15.37 0.41
6.7723 15.24 0.41
6.8091 15.37 0.41
6.8468 15.24 0.41
6.8829 15.24 0.54
6.9183 15.24 0.41
6.9566 15.24 0.41
6.9937 15.24 0.41
7.0300 15.24 0.41
7.0677 15.24 0.41
7.1006 15.24 0.41
7.1367 15.24 0.41
7.1733 15.24 0.41
7.2110 15.37 0.41
7.2465 15.37 0.41
7.2837 15.37 0.41
7.3205 15.24 0.41
7.3578 15.24 0.41
7.4049 15.24 0.41
7.4393 15.24 0.41
7.4764 15.37 0.41
7.5122 15.24 0.41
7.5507 15.24 0.41
7.5886 15.24 0.41
7.6234 15.24 0.41
7.6606 15.24 0.41
7.6997 15.37 0.41
7.7307 15.24 0.41
7.7670 15.24 0.41
7.7983 15.24 0.41
7.8333 15.24 0.41
7.8696 15.24 0.41
7.9069 15.24 0.41
7.9429 15.24 0.41
7.9805 15.24 0.41
8.0169 15.24 0.41
8.0535 15.24 0.41
8.0919 15.24 0.41
8.1288 15.24 0.41
8.1651 15.24 0.41
8.1967 15.24 0.41
8.2346 15.24 0.41
8.2721 15.24 0.41
8.3092 15.24 0.41
8.3412 15.24 0.41
8.3787 15.24 0.41
8.4181 15.37 0.41
8.4550 15.24 0.41
8.4931 15.24 0.41
8.5250 15.24 0.41
8.5605 15.24 0.41
8.5949 15.24 0.41
8.6333 15.24 0.41
8.6646 15.24 0.41
8.7010 15.24 0.41
8.7364 15.24 0.41
8.7708 15.24 0.54
8.8085 15.24 0.41
8.8447 15.24 0.41
8.8814 15.24 0.41
8.9168 15.24 0.41
8.9535 15.24 0.41
8.9879 15.24 0.41
9.0227 15.24 0.41
9.0579 15.24 0.41
9.0928 15.24 0.41
9.1317 15.24 0.41
9.1690 15.24 0.41
9.2054 15.24 0.41
9.2416 15.24 0.41
9.2784 15.24 0.41
9.3161 15.24 0.41
9.3524 15.24 0.41
9.3999 15.24 0.41
9.4379 15.24 0.41
9.4720 15.24 0.41
9.5075 15.24 0.41
9.5453 15.24 0.41
9.5819 15.24 0.41
9.6189 15.24 0.41
9.6549 15.37 0.41
9.6888 15.24 0.41
9.7254 15.24 0.41
9.7618 15.24 0.41
9.8004 15.24 0.41
9.8359 15.24 0.41
9.8728 15.24 0.41
9.9097 15.37 0.41
9.9464 15.24 0.41
9.9841 15.24 0.41
10.0189 15.24 0.41
10.0566 15.24 0.41
10.0938 15.24 0.41
10.1310 15.24 0.41
10.1678 15.24 0.41
10.2046 15.24 0.41
10.2413 15.24 0.41
10.2782 15.24 0.41
10.3146 15.24 0.41
10.3524 15.24 0.41
10.3973 15.24 0.41
10.4347 15.24 0.41
10.4691 15.24 0.41
10.5039 15.24 0.41
10.5407 15.24 0.41
10.5775 15.24 0.41
10.6139 15.24 0.41
10.6510 15.24 0.41
10.6870 15.24 0.54
10.7242 15.24 0.41
10.7615 15.24 0.41
10.7981 15.24 0.41
10.8335 15.24 0.41
10.8693 15.24 0.41
10.9049 15.24 0.41
10.9415 15.24 0.41
10.9742 15.24 0.41
11.0111 15.24 0.41
11.0475 15.24 0.41
11.0851 15.24 0.41
11.1236 15.24 0.41
11.1552 15.37 0.41
11.1900 15.24 0.41
11.2242 15.24 0.41
11.2618 15.24 0.41
11.2984 15.24 0.41
11.3386 15.24 0.41
11.3836 15.24 0.41
11.4170 15.24 0.41
11.4536 15.24 0.41
11.4905 15.24 0.41
11.5288 15.24 0.41
11.5652 15.24 0.41
11.5966 15.24 0.41
11.6340 15.24 0.41
11.6692 15.24 0.41
11.7084 15.24 0.41
11.7466 15.24 0.41
11.7812 15.24 0.41
11.8173 15.24 0.41
11.8509 15.24 0.41
11.8880 15.24 0.41
11.9247 15.24 0.41
11.9623 15.24 0.41
11.9968 15.24 0.41
12.0313 15.24 0.41
12.0679 15.24 0.41
12.1098 15.24 0.41
12.1457 15.24 0.41
12.1817 15.37 0.41
12.2186 15.24 0.41
12.2568 15.24 0.41
12.2934 15.24 0.41
12.3308 15.24 0.54
12.3638 15.24 0.41
12.4178 15.24 0.41
12.4547 15.24 0.41
12.4888 15.24 0.41
12.5264 15.24 0.41
12.5633 15.37 0.41
12.6011 15.24 0.41
12.6361 15.24 0.41
12.6762 15.24 0.41
12.7147 15.24 0.41
12.7531 15.24 0.41
12.7874 15.24 0.41
12.8247 15.24 0.41
12.8628 15.24 0.41
12.8992 15.24 0.41
12.9361 15.24 0.41
12.9714 15.24 0.41
13.0044 15.24 0.41
13.0437 15.24 0.41
13.0809 15.24 0.41
13.1150 15.24 0.41
13.1552 15.24 0.41
13.1907 15.24 0.41
13.2229 15.24 0.41
13.2595 15.24 0.41
13.2965 15.24 0.41
13.3340 15.24 0.41
13.3771 15.24 0.41
13.4155 15.24 0.41
13.4487 15.24 0.41
13.4859 15.24 0.41
13.5203 15.24 0.41
13.5574 15.24 0.41
13.5945 15.24 0.41
13.6340 15.24 0.41
13.6698 15.24 0.41
13.7107 15.24 0.41
13.7467 15.24 0.41
13.7842 15.24 0.41
13.8216 15.24 0.41
13.8576 15.24 0.41
13.8958 15.37 0.41
13.9304 15.24 0.41
13.9689 15.24 0.41
14.0033 15.24 0.41
14.0361 15.24 0.41
14.0713 15.24 0.41
14.1091 15.24 0.41
14.1426 15.24 0.28
14.1781 15.24 0.41
14.2149 15.24 0.41
14.2493 15.24 0.41
14.2839 15.24 0.41
14.3202 15.24 0.41
14.3540 15.24 0.41
14.3976 15.24 0.41
14.4341 15.24 0.41
14.4741 15.24 0.41
14.5092 15.24 0.41
14.5470 15.24 0.41
14.5864 15.24 0.41
14.6243 15.24 0.41
14.6608 15.24 0.41
14.6982 15.24 0.41
14.7304 15.24 0.41
14.7669 15.24 0.41
14.8039 15.24 0.41
14.8401 15.24 0.41
14.8769 15.24 0.41
14.9149 15.24 0.41
14.9520 15.24 0.41
14.9862 15.24 0.41
15.0201 15.24 0.41
15.0581 15.24 0.41
15.0953 15.24 0.41
15.1299 15.24 0.41
15.1644 15.24 0.41
15.2019 15.24 0.41
15.2365 15.24 0.41
15.2710 15.24 0.41
15.3079 15.24 0.41
15.3467 15.24 0.41
15.3881 15.24 0.41
15.4269 15.24 0.28
15.4588 15.24 0.41
15.4963 15.24 0.41
15.5293 15.24 0.41
15.5654 15.24 0.41
15.6026 15.24 0.41
15.6400 15.24 0.41
15.6766 15.24 0.41
15.7094 15.24 0.41
15.7465 15.24 0.41
15.7836 15.24 0.41
15.8159 15.24 0.41
15.8486 15.24 0.54
15.8856 15.24 0.41
15.9221 15.24 0.41
15.9553 15.24 0.41
15.9905 15.24 0.41
16.0320 15.24 0.54
16.0653 15.24 0.41
16.1035 15.24 0.41
16.1385 15.24 0.41
16.1744 15.24 0.41
16.2080 15.24 0.41
16.2460 15.24 0.41
16.2826 15.24 0.41
16.3193 15.24 0.41
16.3573 15.24 0.41
16.3976 15.24 0.41
16.4326 15.24 0.41
16.4653 15.24 0.41
16.5034 15.24 0.41
16.5409 15.24 0.41
16.5762 15.24 0.41
16.6138 15.24 0.41
16.6507 15.24 0.41
16.6895 15.24 0.41
16.7249 15.24 0.41
16.7624 15.24 0.41
16.7945 15.24 0.41
16.8305 15.24 0.41
16.8690 15.24 0.54
16.9058 15.24 0.41
16.9429 15.24 0.54
16.9756 15.24 0.54
17.0107 15.24 0.54
17.0484 15.24 0.41
17.0929 15.24 0.41
17.1302 15.24 0.41
17.1681 15.24 0.41
17.2052 15.24 0.41
17.2401 15.24 0.41
17.2735 15.24 0.41
17.3072 15.24 0.41
17.3442 15.24 0.41
17.3864 15.24 0.41
17.4225 15.24 0.41
17.4575 15.24 0.41
17.4912 15.24 0.41
17.5280 15.24 0.41
17.5638 15.24 0.41
17.6018 15.24 0.41
17.6384 15.24 0.41
17.6761 15.24 0.41
17.7108 15.24 0.41
17.7483 15.24 0.41
17.7862 15.24 0.54
17.8206 15.24 0.41
17.8555 15.24 0.41
17.8908 15.24 0.41
17.9245 15.24 0.41
17.9624 15.24 0.41
17.9991 15.24 0.41
18.0353 15.24 0.41
18.0729 15.24 0.41
18.1096 15.24 0.41
18.1471 15.24 0.41
18.1832 15.24 0.41
18.2204 15.24 0.41
18.2574 15.24 0.41
18.2943 15.24 0.28
18.3315 15.24 0.28
18.3715 15.24 0.41
18.4129 15.24 0.41
18.4490 15.24 0.41
18.4869 15.24 0.41
18.5238 15.24 0.41
18.5596 15.24 0.41
18.5974 15.24 0.54
18.6343 15.24 0.54
18.6716 15.37 0.54
18.7035 15.24 0.54
18.7410 15.24 0.54
18.7736 15.24 0.54
18.8079 15.24 0.41
18.8407 15.24 0.41
18.8756 15.24 0.41
18.9125 15.24 0.41
18.9471 15.24 0.54
18.9821 15.24 0.41
19.0183 15.24 0.41
19.0516 15.24 0.41
19.0892 15.24 0.41
19.1235 15.24 0.41
19.1586 15.24 0.41
19.1942 15.24 0.41
19.2311 15.24 0.41
19.2677 15.24 0.41
19.3049 15.24 0.54
19.3411 15.24 0.41
19.3874 15.24 0.41
19.4231 15.24 0.41
19.4597 15.24 0.41
19.4971 15.24 0.41
19.5328 15.24 0.41
19.5672 15.24 0.41
19.6050 15.24 0.41
19.6400 15.24 0.41
19.6776 15.24 0.41
19.7137 15.24 0.41
19.7480 15.24 0.41
19.7857 15.24 0.41
19.8260 15.24 0.41
19.8603 15.24 0.41
19.8986 15.24 0.41
19.9351 15.24 0.41
19.9726 15.37 0.41
20.0098 15.24 0.41
20.0451 15.24 0.41
20.0795 15.37 0.41
20.1148 15.24 0.41
20.1490 15.37 0.41
20.1861 15.24 0.41
20.2194 15.24 0.41
20.2564 15.24 0.41
20.2909 15.24 0.41
20.3275 15.24 0.41
20.3614 15.24 0.41
20.4019 15.24 0.41
20.4447 15.24 0.41
20.4811 15.24 0.41
20.5213 15.24 0.41
20.5586 15.24 0.54
20.5915 15.24 0.41
20.6283 15.37 0.41
20.6655 15.24 0.54
20.7024 15.24 0.41
20.7368 15.24 0.41
20.7722 15.24 0.41
20.8075 15.37 0.41
20.8444 15.24 0.41
20.8790 15.37 0.41
20.9148 15.24 0.41
20.9521 15.24 0.41
20.9893 15.24 0.41
21.0217 15.24 0.41
21.0579 15.24 0.41
21.0953 15.11 0.41
21.1324 15.24 0.41
21.1697 15.24 0.41
21.2051 15.24 0.41
21.2432 15.37 0.41
21.2801 15.24 0.41
21.3175 15.24 0.41
21.3525 15.24 0.41
21.3978 15.24 0.41
21.4346 15.37 0.41
21.4737 15.24 0.41
21.5099 15.24 0.41
21.5424 15.37 0.41
21.5783 15.24 0.41
21.6113 15.24 0.41
21.6491 15.24 0.41
21.6857 15.37 0.41
21.7206 15.24 0.41
21.7591 15.24 0.41
21.7939 15.24 0.41
21.8261 15.37 0.41
21.8625 15.24 0.41
21.8945 15.37 0.28
21.9311 15.24 0.41
21.9676 15.24 0.41
22.0053 15.24 0.41
22.0424 15.24 0.41
22.0771 15.37 0.41
22.1113 15.24 0.41
22.1465 15.24 0.41
22.1841 15.24 0.41
22.2206 15.24 0.41
22.2588 15.24 0.41
22.2939 15.24 0.41
22.3314 15.24 0.28
22.3735 15.24 0.41
22.4136 15.24 0.41
22.4515 15.24 0.54
22.4835 15.24 0.41
22.5226 15.37 0.41
22.5580 15.24 0.41
22.5951 15.24 0.41
22.6275 15.24 0.41
22.6639 15.24 0.41
22.6990 15.24 0.41
22.7338 15.24 0.54
22.7685 15.24 0.41
22.8034 15.24 0.41
22.8387 15.24 0.41
22.8765 15.24 0.41
22.9126 15.24 0.41
22.9499 15.24 0.41
22.9869 15.24 0.41
23.0246 15.24 0.41
23.0597 15.24 0.41
23.0963 15.24 0.54
23.1314 15.24 0.41
23.1638 15.24 0.41
23.1961 15.24 0.41
23.2335 15.24 0.41
23.2702 15.24 0.41
23.3067 15.24 0.41
23.3426 15.24 0.41
23.3854 15.24 0.41
23.4245 15.24 0.41
23.4613 15.24 0.41
23.4976 15.24 0.28
23.5334 15.24 0.54
23.5654 15.24 0.41
23.5975 15.24 0.41
23.6350 15.24 0.41
23.6719 15.24 0.54
23.7048 15.24 0.41
23.7417 15.24 0.41
23.7785 15.24 0.41
23.8161 15.24 0.41
23.8484 15.24 0.41
23.8834 15.24 0.41
23.9170 15.24 0.41
23.9537 15.24 0.41
23.9909 15.24 0.41
24.0235 15.24 0.41
24.0608 15.24 0.41
24.0938 15.24 0.41
24.1254 15.11 0.41
24.1634 15.24 0.41
24.2017 15.24 0.41
24.2367 15.11 0.54
24.2705 15.24 0.41
24.3100 15.24 0.41
24.3473 15.24 0.41
24.3886 15.24 0.41
24.4249 15.24 0.41
24.4612 15.11 0.41
24.4981 15.24 0.41
24.5337 15.24 0.41
24.5691 15.24 0.54
24.6011 15.24 0.54
24.6383 15.24 0.41
24.6755 15.24 0.41
24.7105 15.24 0.41
24.7452 15.24 0.41
24.7824 15.24 0.41
24.8208 15.24 0.41
24.8594 15.24 0.41
24.8964 15.24 0.41
24.9290 15.24 0.41
24.9664 15.24 0.41
25.0032 15.11 0.41
25.0396 15.24 0.41
25.0753 15.24 0.41
25.1132 15.24 0.41
25.1460 15.24 0.41
25.1809 15.24 0.41
25.2157 15.24 0.41
25.2509 15.24 0.54
25.2857 15.24 0.54
25.3184 15.24 0.54
25.3558 15.24 0.54
25.4001 15.24 0.41
25.4357 15.24 0.41
25.4748 15.24 0.41
25.5097 15.24 0.54
25.5475 15.24 0.41
25.5842 15.24 0.54
25.6218 15.24 0.41
25.6583 15.24 0.41
25.6902 15.24 0.41
25.7269 15.24 0.41
25.7643 15.24 0.54
25.8013 15.24 0.41
25.8379 15.24 0.41
25.8743 15.24 0.41
25.9136 15.24 0.54
25.9524 15.24 0.41
25.9889 15.24 0.41
26.0256 15.24 0.41
26.0638 15.24 0.41
26.1002 15.24 0.41
26.1382 15.24 0.41
26.1745 15.24 0.41
26.2069 15.24 0.41
26.2438 15.24 0.41
26.2807 15.24 0.41
26.3155 15.24 0.41
26.3537 15.24 0.41
26.3992 15.24 0.54
26.4367 15.11 0.54
26.4716 15.24 0.41
26.5096 15.24 0.41
26.5471 15.24 0.41
26.5837 15.24 0.54
26.6167 15.24 0.54
26.6534 15.24 0.41
26.6913 15.11 0.41
26.7232 15.24 0.41
26.7583 15.24 0.41
26.7957 15.24 0.54
26.8327 15.24 0.41
26.8703 15.24 0.41
26.9075 15.24 0.54
26.9444 15.24 0.54
26.9812 15.24 0.41
27.0135 15.24 0.41
27.0503 15.24 0.41
27.0879 15.24 0.54
27.1230 15.24 0.41
27.1607 15.24 0.41
27.1981 15.24 0.54
27.2351 15.24 0.54
27.2668 15.24 0.54
27.3043 15.24 0.41
27.3419 15.24 0.54
27.3834 15.24 0.54
27.4227 15.24 0.54
27.4560 15.24 0.54
27.4931 15.24 0.54
27.5304 15.24 0.41
27.5651 15.24 0.54
27.6038 15.24 0.54
27.6390 15.24 0.54
27.6732 15.24 0.41
27.7104 15.24 0.54
27.7430 15.24 0.54
27.7798 15.24 0.41
27.8162 15.24 0.54
27.8532 15.24 0.41
27.8906 15.24 0.41
27.9288 15.24 0.41
27.9681 15.24 0.41
28.0036 15.24 0.41
28.0405 15.24 0.54
28.0750 15.24 0.54
28.1119 15.24 0.54
28.1488 15.24 0.54
28.1862 15.24 0.41
28.2226 15.24 0.54
28.2592 15.24 0.41
28.2967 15.24 0.41
28.3319 15.24 0.54
28.3723 15.24 0.54
28.4143 15.24 0.41
28.4523 15.24 0.54
28.4843 15.24 0.54
28.5202 15.24 0.54
28.5577 15.24 0.54
28.5915 15.24 0.54
28.6278 15.24 0.54
28.6645 15.24 0.54
28.7013 15.24 0.41
28.7377 15.24 0.54
28.7761 15.24 0.41
28.8120 15.24 0.41
28.8475 15.24 0.54
28.8847 15.24 0.54
28.9225 15.11 0.54
28.9598 15.24 0.54
28.9972 15.24 0.41
29.0329 15.24 0.41
29.0690 15.24 0.54
29.1066 15.24 0.41
29.1432 15.24 0.54
29.1785 15.24 0.54
29.2153 15.24 0.54
29.2536 15.24 0.54
29.2910 15.24 0.54
29.3245 15.24 0.54
29.3634 15.24 0.41
29.4060 15.24 0.54
29.4417 15.24 0.41
29.4791 15.24 0.41
29.5124 15.24 0.54
29.5492 15.24 0.41
29.5808 15.24 0.41
29.6181 15.24 0.54
29.6556 15.24 0.54
29.6928 15.24 0.41
29.7294 15.24 0.41
29.7622 15.24 0.54
29.7950 15.24 0.41
29.8311 15.24 0.54
29.8683 15.24 0.54
29.9045 15.24 0.41
29.9422 15.24 0.54
29.9795 15.24 0.54
30.0163 15.24 0.54
30.0540 15.24 0.54
30.0860 14.47 0.54
30.1236 13.70 0.54
30.1596 12.79 0.54
30.1945 12.15 0.54
30.2299 11.37 0.54
30.2672 10.86 0.54
30.2991 10.08 0.54
30.3341 9.57 0.54
30.3730 9.18 0.67
30.4159 8.54 0.67
30.4498 8.02 0.67
30.4870 7.51 0.67
30.5244 6.99 0.80
30.5605 6.60 0.80
30.5929 6.22 0.93
30.6303 5.83 0.93
30.6677 5.44 1.06
30.7043 5.06 1.19
30.7413 4.80 1.44
30.7783 4.67 3.89
30.8144 4.41 4.28
30.8508 4.15 4.41
30.8885 3.89 4.54
30.9258 3.51 4.54
30.9623 3.38 4.67
30.9986 3.12 4.67
31.0351 2.86 4.80
31.0727 2.73 4.80
31.1095 2.48 4.93
31.1468 2.35 4.93
31.1850 2.22 4.93
31.2158 1.96 5.06
31.2530 1.96 5.06
31.2856 1.83 5.06
31.3224 1.70 5.06
31.3579 1.57 5.06
31.4040 1.44 5.06
31.4410 1.32 5.06
31.4776 1.19 5.18
31.5157 1.19 5.18
31.5527 1.06 5.31
31.5887 1.06 5.31
31.6260 0.93 5.31
31.6607 0.93 5.44
31.6946 0.80 5.44
31.7280 0.80 5.44
31.7651 0.80 5.57
31.7973 0.80 5.44
31.8325 0.67 5.57
31.8677 0.67 5.57
31.9038 0.67 5.70
31.9373 0.54 5.70
31.9747 0.67 5.70
32.0109 0.54 5.83
32.0478 0.54 5.83
32.0807 0.54 5.83
32.1128 0.54 5.96
32.1498 0.41 5.96
32.1826 0.54 5.96
32.2193 0.41 6.09
32.2550 0.41 6.09
32.2935 0.41 6.09
32.3306 0.41 6.22
32.3696 0.41 6.22
32.4115 0.41 6.34
32.4478 0.41 6.47
32.4862 0.41 6.34
32.5222 0.41 6.47
32.5596 0.28 6.60
32.5973 0.28 6.47
32.6318 0.41 6.60
32.6697 0.28 6.73
32.7021 0.28 6.73
32.7398 0.28 6.73
32.7726 0.28 6.73
32.8053 0.41 6.73
32.8403 0.28 6.86
32.8756 0.28 6.86
32.9118 0.28 6.86
32.9486 0.28 6.99
32.9838 0.28 6.99
33.0170 0.28 6.99
33.0539 0.28 6.99
33.0912 0.28 7.12
33.1290 0.28 7.12
33.1665 0.28 7.25
33.1986 0.28 7.25
33.2360 0.28 7.25
33.2715 0.28 7.38
33.3083 0.28 7.38
33.3456 0.28 7.38
33.3909 0.28 7.38
33.4276 0.28 7.38
33.4636 0.28 7.51
33.5013 0.28 7.51
33.5379 0.28 7.51
33.5756 0.28 7.63
33.6145 0.28 7.63
33.6496 0.28 7.63
33.6868 0.28 7.76
33.7173 0.28 7.76
33.7544 0.28 7.76
33.7927 0.28 7.89
33.8274 0.28 7.89
33.8618 0.28 7.89
33.8991 0.28 7.89
33.9364 0.15 8.02
33.9735 0.15 8.02
34.0058 0.28 8.02
34.0422 0.28 8.02
34.0747 0.28 8.02
34.1129 0.28 8.02
34.1470 0.28 8.15
34.1812 0.28 8.15
34.2183 0.28 8.15
34.2537 0.28 8.28
34.2880 0.28 8.28
34.3254 0.28 8.28
34.3617 0.28 8.28
34.4059 0.28 8.41
34.4433 0.28 8.41
34.4804 0.28 8.41
34.5174 0.28 8.41
34.5541 0.28 8.41
34.5902 0.28 8.41
34.6313 0.28 8.54
34.6670 0.28 8.54
34.7019 0.28 8.67
34.7369 0.28 8.67
34.7749 0.28 8.67
34.8129 0.28 8.67
34.8447 0.28 8.67
34.8820 0.28 8.67
34.9193 0.28 8.67
34.9554 0.28 8.80
34.9883 0.28 8.80
35.0251 0.28 8.80
35.0618 0.28 8.80
35.0950 0.28 8.80
35.1314 0.28 8.80
35.1685 0.28 8.92
35.2059 0.28 8.92
35.2410 0.28 8.92
35.2798 0.28 8.92
35.3165 0.28 9.05
35.3519 0.28 9.05
35.3971 0.28 9.05
35.4346 0.28 9.05
35.4703 0.28 9.18
35.5127 0.28 9.18
35.5504 0.15 9.18
35.5871 0.28 9.18
35.6235 0.28 9.18
35.6607 0.28 9.18
35.6972 0.28 9.18
35.7304 0.28 9.31
35.7663 0.28 9.18
35.8027 0.28 9.31
35.8416 0.15 9.31
35.8726 0.28 9.31
35.9107 0.28 9.31
35.9452 0.28 9.31
35.9828 0.28 9.44
36.0209 0.15 9.44
36.0580 0.28 9.44
36.0945 0.15 9.44
36.1302 0.28 9.44
36.1648 0.28 9.44
36.1967 0.28 9.44
36.2334 0.28 9.44
36.2671 0.28 9.44
36.3020 0.28 9.44
36.3359 0.28 9.57
36.3777 0.28 9.44
36.4179 0.15 9.57
36.4543 0.28 9.57
36.4951 0.28 9.57
36.5358 0.15 9.57
36.5720 0.15 9.57
36.6091 0.28 9.57
36.6490 0.28 9.57
36.6843 0.28 9.70
36.7215 0.15 9.70
36.7536 0.28 9.70
36.7918 0.28 9.70
36.8278 0.28 9.70
36.8665 0.28 9.70
36.9056 0.15 9.83
36.9406 0.28 9.70
36.9788 0.28 9.70
37.0150 0.28 9.70
37.0524 0.28 9.70
37.0893 0.28 9.83
37.1258 0.28 9.83
37.1629 0.28 9.83
37.2004 0.28 9.83
37.2360 0.28 9.70
37.2721 0.28 9.83
37.3024 0.28 9.83
37.3411 0.28 9.83
37.3902 0.28 9.83
37.4249 0.28 9.83
37.4625 0.28 9.83
37.4997 0.28 9.83
37.5356 0.28 9.96
37.5717 0.15 9.83
37.6101 0.28 9.83
37.6424 0.28 9.96
37.6808 0.28 9.83
37.7154 0.28 9.96
37.7504 0.28 9.96
37.7816 0.28 9.96
37.8188 0.28 9.96
37.8558 0.28 9.96
37.8933 0.28 9.96
37.9295 0.28 9.96
37.9619 0.28 9.96
37.9969 0.28 9.96
38.0313 0.28 9.96
38.0687 0.28 9.96
38.1052 0.28 9.96
38.1444 0.28 9.96
38.1799 0.28 9.96
38.2163 0.28 9.96
38.2505 0.28 10.08
38.2854 0.28 10.08
38.3221 0.28 9.96
38.3586 0.28 10.08
38.4000 0.28 9.96
38.4373 0.28 9.96
38.4741 0.28 9.96
38.5116 0.28 9.96
38.5434 0.28 9.96
38.5808 0.28 10.08
38.6181 0.15 9.96
38.6523 0.28 9.96
38.6878 0.28 10.08
38.7221 0.28 10.08
38.7564 0.15 10.08
38.7935 0.28 9.96
38.8302 0.28 9.96
38.8675 0.28 10.08
38.9038 0.15 10.08
38.9411 0.28 10.08
38.9776 0.28 10.08
39.0152 0.28 10.08
39.0520 0.15 10.08
39.0882 0.28 10.08
39.1254 0.28 10.08
39.1598 0.28 10.08
39.1947 0.28 10.08
39.2340 0.28 10.08
39.2727 0.28 10.08
39.3102 0.28 10.08
39.3457 0.28 10.08
39.3996 0.28 10.21
39.4363 0.28 10.08
39.4747 0.28 10.08
39.5107 0.28 10.08
39.5459 0.28 10.08
39.5824 0.28 10.21
39.6247 0.28 10.08
39.6614 0.28 10.08
39.6988 0.28 10.08
39.7354 0.15 10.08
39.7721 0.28 10.08
39.8077 0.28 10.08
39.8422 0.28 10.08
39.8787 0.28 10.08
39.9142 0.28 10.08
39.9555 0.28 10.08
39.9930 0.28 10.08
40.0291 0.28 10.08
40.0675 0.28 10.08
40.1046 0.15 10.08
40.1415 0.15 10.08
40.1775 0.28 10.08
40.2147 0.28 10.08
40.2520 0.28 10.08
40.2841 0.28 10.08
40.3220 0.28 10.08
40.3584 0.28 10.08
40.4030 0.15 10.08
40.4383 0.28 10.08
40.4748 0.28 10.08
40.5089 0.28 10.08
40.5465 0.28 10.08
40.5874 0.28 10.08
40.6239 0.15 10.08
40.6618 0.28 10.08
40.6971 0.28 10.08
40.7340 0.28 10.08
40.7715 0.15 10.08
40.8089 0.28 10.08
40.8473 0.28 10.08
40.8816 0.28 10.08
40.9195 0.28 10.08
40.9561 0.28 10.08
40.9908 0.28 10.08
41.0261 0.15 10.08
41.0646 0.28 10.08
41.1039 0.28 10.08
41.1405 0.28 10.08
41.1762 0.28 10.08
41.2123 0.28 10.08
41.2467 0.28 10.08
41.2793 0.28 10.08
41.3170 0.28 10.08
41.3537 0.28 10.08
41.3981 0.28 10.08
41.4353 0.28 10.08
41.4738 0.28 10.08
41.5097 0.28 10.08
41.5446 0.28 10.08
41.5814 0.28 10.08
41.6185 0.28 10.08
41.6554 0.28 10.08
41.6931 0.28 10.08
41.7314 0.28 10.08
41.7674 0.28 10.08
41.8028 0.28 10.08
41.8365 0.28 10.08
41.8739 0.28 10.08
41.9067 0.28 10.08
41.9410 0.28 10.08
41.9741 0.28 10.08
42.0124 0.28 10.08
42.0496 0.28 10.08
42.0863 0.15 10.08
42.1231 0.28 10.21
42.1603 0.28 10.08
42.1973 0.15 10.08
42.2319 0.28 10.08
42.2645 0.28 10.08
42.2989 0.28 10.08
42.3365 0.28 10.08
42.3809 0.28 10.08
42.4179 0.28 10.08
42.4545 0.28 10.08
42.4917 0.28 10.08
42.5285 0.28 10.08
42.5617 0.28 10.08
42.5969 0.28 10.08
42.6342 0.28 10.08
42.6718 0.15 10.08
42.7089 0.28 10.08
42.7472 0.28 10.08
42.7787 0.28 10.08
42.8113 0.28 10.08
42.8478 0.28 10.08
42.8851 0.28 10.08
42.9218 0.28 10.08
42.9592 0.15 10.08
42.9957 0.28 10.08
43.0330 0.28 10.08
43.0698 0.28 10.08
43.1062 0.28 10.08
43.1415 0.15 10.08
43.1858 0.28 10.08
43.2167 0.28 10.08
43.2537 0.28 10.08
43.2891 0.28 10.08
43.3274 0.28 10.08
43.3600 0.28 10.08
43.4011 0.28 10.08
43.4391 0.15 10.08
43.4751 0.28 10.08
43.5110 0.15 10.08
43.5490 0.28 10.08
43.5857 0.28 10.08
43.6231 0.28 10.08
43.6586 0.15 10.08
43.6964 0.28 10.08
43.7331 0.28 10.08
43.7691 0.28 10.08
43.8067 0.28 10.08
43.8431 0.28 10.08
43.8857 0.28 10.08
43.9221 0.28 10.08
43.9583 0.28 10.08
43.9964 0.15 10.08
44.0326 0.28 10.08
44.0676 0.28 10.08
44.1054 0.15 10.08
44.1384 0.28 10.08
44.1753 0.28 10.08
44.2125 0.28 10.08
44.2481 0.28 10.08
44.2799 0.28 10.08
44.3184 0.28 10.08
44.3549 0.28 10.08
44.3985 0.28 10.08
44.4340 0.28 10.08
44.4700 0.28 10.08
44.5107 0.15 10.08
44.5496 0.28 10.08
44.5887 0.28 10.08
44.6247 0.28 10.08
44.6623 0.28 10.08
44.6995 0.28 10.08
44.7358 0.28 10.08
44.7737 0.15 10.08
44.8094 0.15 10.08
44.8473 0.28 10.08
44.8848 0.28 10.08
44.9214 0.28 10.08
44.9563 0.28 10.08
44.9908 0.15 10.08
45.0290 0.28 10.08
45.0625 0.28 10.21
45.0967 0.28 10.08
45.1341 0.28 10.08
45.1688 0.28 10.08
45.2012 0.28 10.08
45.2357 0.28 10.08
45.2730 0.28 10.08
45.3105 0.28 10.08
45.3450 0.28 10.08
45.3868 0.28 10.08
45.4282 0.28 10.08
45.4643 0.28 10.08
45.5016 0.28 10.21
45.5376 0.28 10.08
45.5718 0.28 10.08
45.6091 0.28 10.08
45.6459 0.28 10.08
45.6817 0.28 10.08
45.7174 0.28 10.08
45.7509 0.28 10.08
45.7893 0.15 10.08
45.8259 0.28 10.08
45.8636 0.28 10.08
45.8999 0.15 10.08
45.9361 0.28 10.08
45.9743 0.28 10.08
46.0132 0.28 10.08
46.0512 0.28 10.08
46.0883 0.28 10.08
46.1254 0.15 10.08
46.1580 0.28 10.08
46.1934 0.28 10.08
46.2274 0.28 10.08
46.2646 0.28 10.08
46.2968 0.28 10.08
46.3318 0.28 10.08
46.3759 0.28 10.08
46.4143 0.28 10.08
46.4512 0.15 10.08
46.4889 0.15 10.08
46.5270 0.28 10.08
46.5590 0.28 10.08
46.5959 0.28 10.08
46.6312 0.28 10.08
46.6656 0.15 10.08
46.7020 0.28 10.08
46.7396 0.28 10.08
46.7725 0.28 10.08
46.8088 0.28 10.08
46.8440 0.28 10.08
46.8792 0.28 10.08
46.9141 0.28 10.08
46.9529 0.28 10.08
46.9898 0.28 10.08
47.0247 0.15 10.08
47.0619 0.28 10.08
47.0992 0.15 10.08
47.1363 0.28 10.08
47.1736 0.28 10.08
47.2116 0.28 10.08
47.2433 0.28 10.08
47.2800 0.28 10.08
47.3182 0.15 10.08
47.3530 0.28 10.08
47.3946 0.28 10.08
47.4315 0.28 10.08
47.4685 0.28 10.08
47.5054 0.28 10.08
47.5416 0.28 10.08
47.5785 0.28 10.21
47.6158 0.28 10.08
47.6540 0.28 10.08
47.6857 0.15 10.08
47.7184 0.28 10.08
47.7548 0.15 10.08
47.7878 0.28 10.08
47.8252 0.28 10.08
47.8574 0.28 10.08
47.8954 0.28 10.08
47.9300 0.28 10.08
47.9669 0.28 10.08
48.0079 0.28 10.08
48.0427 0.28 10.08
48.0777 0.28 10.08
48.1112 0.28 10.08
48.1482 0.28 10.08
48.1859 0.28 10.08
48.2181 0.15 10.08
48.2535 0.15 10.08
48.2917 0.28 10.08
48.3287 0.28 10.08
48.3675 0.28 10.08
48.4101 0.28 10.08
48.4484 0.28 10.08
48.4821 0.28 10.08
48.5173 0.28 10.08
48.5544 0.28 10.08
48.5862 0.15 10.08
48.6241 0.28 10.08
48.6608 0.28 10.08
48.6970 0.15 10.08
48.7339 0.28 10.08
48.7686 0.28 10.08
48.8034 0.28 10.08
48.8408 0.28 10.08
48.8756 0.28 10.08
48.9093 0.28 10.08
48.9471 0.28 10.08
48.9841 0.15 10.08
49.0185 0.15 10.08
49.0536 0.28 10.08
49.0908 0.28 10.08
49.1259 0.28 10.08
49.1621 0.28 10.08
49.1971 0.28 10.08
49.2376 0.28 10.21
49.2733 0.28 10.08
49.3077 0.28 10.08
49.3427 0.28 10.08
49.3913 0.28 10.08
49.4284 0.28 10.08
49.4633 0.28 10.08
49.4961 0.28 10.08
49.5317 0.28 10.08
49.5697 0.28 10.08
49.6056 0.28 10.08
49.6431 0.15 10.08
49.6797 0.15 10.08
49.7158 0.28 10.21
49.7535 0.28 10.08
49.7893 0.28 10.08
49.8284 0.28 10.08
49.8645 0.28 10.08
49.8993 0.28 10.08
49.9335 0.28 10.08
49.9713 0.28 10.08
50.0080 0.28 10.08
50.0454 0.28 10.08
50.0807 0.15 10.08
50.1170 0.28 10.08
50.1551 0.28 10.08
50.1916 0.28 10.08
50.2290 0.28 10.08
50.2659 0.28 10.08
50.3034 0.15 10.08
50.3398 0.15 10.08
50.3823 0.28 10.08
50.4231 0.15 10.08
50.4621 0.15 10.08
50.4984 0.28 10.08
50.5413 0.28 10.08
50.5765 0.28 10.08
50.6143 0.28 10.08
50.6504 0.28 10.08
50.6879 0.28 10.08
50.7211 0.28 10.08
50.7532 0.28 10.08
50.7907 0.28 10.08
50.8231 0.28 10.08
50.8605 0.28 10.08
50.8953 0.28 10.08
50.9315 0.15 10.08
50.9659 0.28 10.08
51.0031 0.28 10.08
51.0361 0.28 10.08
51.0764 0.28 10.08
51.1137 0.28 10.08
51.1500 0.28 10.08
51.1881 0.28 10.08
51.2241 0.28 10.08
51.2614 0.28 10.08
51.3000 0.15 10.08
51.3375 0.28 10.08
51.3817 0.28 10.08
51.4171 0.28 10.08
51.4524 0.28 10.08
51.4890 0.28 10.08
51.5275 0.28 10.08
51.5656 0.28 10.08
51.6007 0.28 10.08
51.6385 0.15 10.08
51.6745 0.28 10.08
51.7102 0.28 10.08
51.7474 0.28 10.08
51.7861 0.28 10.08
51.8220 0.15 10.08
51.8551 0.28 10.08
51.8928 0.28 10.08
51.9306 0.28 10.08
51.9684 0.28 10.08
52.0067 0.15 10.08
52.0438 0.28 10.08
52.0786 0.28 10.08
52.1174 0.28 10.08
52.1535 0.15 10.08
