time[sec] P_G1 [KPa] P_D1 [KPa] P_S1 [KPa] P_G2 [KPa] P_D2 [KPa] P_Act [KPa] Q1 [M^3/s] Q2 [M^3/s] P_DS1 [KPa] P_DS2 [KPa]
10 02 19 16:44:36
21.9424 -0.47 -0.97 -0.57 -0.10 -0.08 -0.50 0.00 14.52 -0.41 -0.08
51.9572 6.38 6.30 -0.58 -0.04 -0.06 -0.47 0.00 0.00 6.88 -0.06
81.9644 13.87 16.48 -0.60 -0.11 -0.08 -0.49 0.00 0.00 17.07 -0.08
111.9346 21.35 20.85 -0.60 -0.09 -0.08 -0.49 0.00 11.06 21.45 -0.08
141.9583 28.70 30.40 -0.61 -0.06 -0.08 -0.49 5.53 0.00 31.01 -0.08
time[sec] P_G1 [KPa] P_D1 [KPa] P_S1 [KPa] P_G2 [KPa] P_D2 [KPa] P_Act [KPa] Q1 [M^3/s] Q2 [M^3/s] P_DS1 [KPa] P_DS2 [KPa]
10 02 19 16:48:48
21.9647 -0.49 0.01 -0.33 -0.06 -0.08 -0.51 351.19 2.77 0.34 -0.08
52.1673 6.37 9.09 -0.32 -0.08 -0.08 -0.50 113.99 6.45 9.41 -0.08
81.9471 13.76 17.55 -0.36 -0.08 -0.04 -0.49 47.01 0.00 17.91 -0.04
111.9475 21.21 21.66 -0.43 -0.06 -0.02 -0.49 8.60 0.00 22.09 -0.02
142.1680 28.75 31.21 -0.53 -0.04 -0.06 -0.49 4.30 0.00 31.74 -0.06
time[sec] P_G1 [KPa] P_D1 [KPa] P_S1 [KPa] P_G2 [KPa] P_D2 [KPa] P_Act [KPa] Q1 [M^3/s] Q2 [M^3/s] P_DS1 [KPa] P_DS2 [KPa]
10 02 19 16:52:08
21.9498 -0.54 3.43 0.78 -0.11 -0.08 -0.47 918.06 0.00 2.65 -0.08
52.6113 6.52 9.95 0.61 -0.07 -0.04 -0.46 714.05 0.00 9.34 -0.04
82.5484 13.89 18.67 0.29 -0.06 -0.10 -0.46 538.12 0.00 18.38 -0.10
111.9340 21.10 21.05 0.14 -0.06 -0.09 -0.49 436.91 0.00 20.91 -0.09
141.9565 28.68 31.44 -0.52 -0.06 -0.09 -0.45 77.43 0.00 31.96 -0.09
time[sec] P_G1 [KPa] P_D1 [KPa] P_S1 [KPa] P_G2 [KPa] P_D2 [KPa] P_Act [KPa] Q1 [M^3/s] Q2 [M^3/s] P_DS1 [KPa] P_DS2 [KPa]
10 02 19 16:55:12
21.9504 -0.61 5.93 1.60 -0.08 -0.06 -0.47 1316.26 0.00 4.33 -0.06
51.2097 6.21 9.60 1.45 -0.08 -0.11 -0.49 1163.83 14.52 8.15 -0.11
82.4523 13.89 19.09 0.76 -0.10 -0.11 -0.49 842.02 12.10 18.33 -0.11
112.1601 21.07 21.76 0.51 -0.08 -0.10 -0.49 664.58 17.21 21.24 -0.10
141.9478 28.63 31.63 -0.47 -0.08 -0.09 -0.49 168.68 0.00 32.10 -0.09
time[sec] P_G1 [KPa] P_D1 [KPa] P_S1 [KPa] P_G2 [KPa] P_D2 [KPa] P_Act [KPa] Q1 [M^3/s] Q2 [M^3/s] P_DS1 [KPa] P_DS2 [KPa]
10 02 19 16:58:57
21.9515 -0.33 7.04 2.01 -0.06 -0.06 -0.47 1783.59 11.06 5.02 -0.06
51.9315 6.43 9.45 1.80 -0.02 -0.08 -0.49 1606.61 0.00 7.65 -0.08
81.4589 13.89 18.94 0.79 -0.07 -0.11 -0.47 1158.99 0.00 18.14 -0.11
112.7040 21.39 21.33 0.39 -0.05 -0.11 -0.49 977.52 0.00 20.94 -0.11
141.9516 28.85 29.93 -0.52 -0.05 -0.11 -0.46 326.65 24.20 30.45 -0.11
