time[sec] P_G1 [KPa] P_D1 [KPa] P_S1 [KPa] P_G2 [KPa] P_D2 [KPa] P_Act [KPa] Q1 [M^3/s] Q2 [M^3/s] P_DS1 [KPa] P_DS2 [KPa]
08 03 19 15:06:22
0.0000 -0.36 -0.11 0.51 0.01 -0.11 -0.24 381.23 0.00 -0.63 -0.11
0.2535 -0.49 0.01 0.51 0.01 -0.11 -0.11 380.25 0.00 -0.50 -0.11
0.3870 -0.36 -0.11 0.51 0.14 -0.11 -0.24 380.74 0.00 -0.63 -0.11
0.4896 -0.36 -0.11 0.64 0.14 -0.11 -0.36 380.74 0.00 -0.75 -0.11
0.5933 -0.36 -0.11 0.51 0.01 -0.11 -0.24 380.74 0.00 -0.63 -0.11
0.7108 -0.24 -0.11 0.51 0.01 -0.24 -0.24 381.23 0.00 -0.63 -0.24
0.8299 -0.24 -0.11 0.51 0.01 -0.24 -0.24 380.25 0.00 -0.63 -0.24
0.9329 -0.36 -0.24 0.51 0.14 -0.24 -0.24 380.25 0.00 -0.75 -0.24
1.0337 -0.36 -0.11 0.64 0.01 -0.24 -0.24 380.74 0.00 -0.75 -0.24
1.1359 -0.36 -0.11 0.51 0.01 -0.24 -0.24 380.25 0.00 -0.63 -0.24
1.2358 -0.36 -0.11 0.51 0.01 -0.11 -0.24 381.23 0.00 -0.63 -0.11
1.3369 -0.24 -0.11 0.51 0.01 -0.24 -0.24 381.23 0.00 -0.63 -0.24
1.4357 -0.36 -0.11 0.51 0.01 -0.11 -0.24 380.25 0.00 -0.63 -0.11
1.5353 -0.36 0.01 0.51 0.01 -0.24 -0.24 380.25 0.00 -0.50 -0.24
1.6308 -0.36 -0.11 0.51 0.01 -0.11 -0.24 381.23 0.00 -0.63 -0.11
1.7393 -0.24 -0.11 0.39 0.01 -0.11 -0.24 379.77 0.00 -0.50 -0.11
1.8374 -0.36 -0.11 0.64 0.01 -0.24 -0.24 380.74 0.00 -0.75 -0.24
1.9402 -0.24 -0.11 0.64 0.01 -0.24 -0.24 381.72 0.00 -0.75 -0.24
2.0392 -0.36 -0.11 0.51 0.01 -0.11 -0.11 380.74 0.00 -0.63 -0.11
2.1406 -0.36 -0.11 0.51 0.14 -0.24 -0.24 380.74 0.00 -0.63 -0.24
2.2380 -0.36 -0.11 0.39 0.01 -0.24 -0.24 380.74 0.00 -0.50 -0.24
2.3383 -0.11 -0.11 0.51 0.01 -0.11 -0.24 380.74 0.00 -0.63 -0.11
2.4381 -0.36 -0.11 0.39 0.14 -0.24 -0.24 381.23 0.00 -0.50 -0.24
2.5398 -0.36 -0.11 0.51 -0.11 -0.11 -0.24 379.28 0.00 -0.63 -0.11
2.6442 -0.36 -0.11 0.51 0.01 -0.24 -0.11 378.30 0.00 -0.63 -0.24
2.7454 -0.36 0.01 0.64 0.01 -0.24 -0.11 379.77 0.00 -0.63 -0.24
2.8437 -0.36 -0.11 0.51 -0.11 -0.24 -0.24 379.28 0.00 -0.63 -0.24
2.9439 -0.36 -0.11 0.51 0.14 -0.11 -0.24 380.25 0.00 -0.63 -0.11
3.0416 -0.36 0.01 0.64 -0.11 -0.11 -0.24 379.77 0.00 -0.63 -0.11
3.1453 -0.11 -0.11 0.51 -0.11 -0.24 -0.24 379.28 0.00 -0.63 -0.24
3.2426 -0.36 -0.11 0.51 -0.11 -0.11 -0.11 379.28 0.00 -0.63 -0.11
3.3397 -0.36 0.01 0.51 0.01 -0.24 -0.24 379.28 0.00 -0.50 -0.24
3.4374 -0.61 -0.11 0.51 0.14 -0.24 -0.24 378.79 0.00 -0.63 -0.24
3.5363 -0.36 -0.11 0.51 0.01 -0.11 -0.36 378.30 0.00 -0.63 -0.11
3.6346 -0.36 0.01 0.64 0.01 -0.24 -0.24 378.30 0.00 -0.63 -0.24
3.7362 -0.36 -0.11 0.51 0.01 -0.11 -0.24 378.79 0.00 -0.63 -0.11
3.8357 -0.36 -0.11 0.51 0.01 -0.24 -0.24 379.28 0.00 -0.63 -0.24
3.9375 -0.49 -0.11 0.51 0.01 -0.11 -0.24 379.28 0.00 -0.63 -0.11
4.0356 -0.36 -0.11 0.51 0.14 -0.24 -0.24 378.30 0.00 -0.63 -0.24
4.1345 -0.36 -0.11 0.51 0.01 -0.24 -0.36 378.79 0.00 -0.63 -0.24
4.2372 -0.36 -0.11 0.26 0.14 -0.24 -0.24 377.81 0.00 -0.38 -0.24
4.3341 -0.36 -0.11 0.51 0.14 -0.24 -0.24 379.77 0.00 -0.63 -0.24
4.4368 -0.36 -0.11 0.64 0.01 -0.24 -0.24 378.79 0.00 -0.75 -0.24
4.5364 -0.36 -0.11 0.51 0.01 -0.24 -0.11 378.79 0.00 -0.63 -0.24
4.6410 -0.36 -0.11 0.51 0.01 -0.24 -0.24 379.28 0.00 -0.63 -0.24
4.7470 -0.36 -0.11 0.64 0.01 -0.11 -0.24 378.30 0.00 -0.75 -0.11
4.8484 -0.36 -0.11 0.39 0.01 -0.11 -0.11 378.30 0.00 -0.50 -0.11
4.9448 -0.36 -0.11 0.51 -0.11 -0.11 -0.24 377.81 0.00 -0.63 -0.11
5.0391 -0.36 -0.11 0.51 0.01 -0.24 -0.24 378.79 0.00 -0.63 -0.24
5.1343 -0.36 -0.11 0.51 0.01 -0.24 -0.11 378.30 0.00 -0.63 -0.24
5.2341 -0.36 -0.11 0.51 0.01 -0.24 -0.36 377.81 0.00 -0.63 -0.24
5.3312 -0.36 -0.11 0.64 0.01 -0.24 -0.24 378.30 0.00 -0.75 -0.24
5.4274 -0.36 -0.11 0.51 0.01 -0.24 -0.24 378.30 0.00 -0.63 -0.24
5.5275 -0.36 -0.11 0.39 0.01 -0.24 -0.24 378.30 0.00 -0.50 -0.24
5.6265 -0.36 -0.11 0.51 0.01 -0.24 -0.24 377.32 0.00 -0.63 -0.24
5.7265 -0.36 -0.11 0.51 0.01 -0.11 -0.24 377.32 0.00 -0.63 -0.11
5.8264 -0.36 -0.24 0.51 0.01 -0.24 -0.11 376.83 0.00 -0.75 -0.24
5.9257 -0.36 -0.11 0.64 0.01 -0.11 -0.24 378.30 0.00 -0.75 -0.11
6.0222 -0.24 -0.24 0.51 0.01 -0.24 -0.24 376.83 0.00 -0.75 -0.24
6.1254 -0.36 -0.11 0.51 0.01 -0.24 -0.11 377.32 0.00 -0.63 -0.24
6.2243 -0.36 -0.11 0.51 0.01 -0.24 -0.24 376.83 0.00 -0.63 -0.24
6.3272 -0.36 -0.11 0.51 0.01 -0.11 -0.11 377.32 0.00 -0.63 -0.11
6.4244 -0.36 0.01 0.51 0.01 -0.11 -0.24 377.32 0.00 -0.50 -0.11
6.5229 -0.36 -0.11 0.39 0.14 -0.24 -0.24 376.34 0.00 -0.50 -0.24
6.6205 -0.36 -0.11 0.51 0.01 -0.11 -0.24 376.34 0.00 -0.63 -0.11
6.7302 -0.49 -0.11 0.51 -0.11 -0.24 -0.24 375.37 0.00 -0.63 -0.24
6.8309 -0.36 -0.11 0.39 0.14 -0.24 -0.24 375.86 0.00 -0.50 -0.24
6.9271 -0.36 0.01 0.51 0.01 -0.24 -0.11 376.34 0.00 -0.50 -0.24
7.0251 -0.36 -0.11 0.51 0.01 -0.24 -0.11 376.34 0.00 -0.63 -0.24
7.1255 -0.36 0.01 0.39 0.01 -0.11 -0.24 377.32 0.00 -0.38 -0.11
7.2218 -0.36 -0.11 0.51 0.01 -0.24 -0.24 376.34 0.00 -0.63 -0.24
7.3254 -0.36 -0.11 0.51 0.01 -0.24 -0.24 376.34 0.00 -0.63 -0.24
7.4242 -0.36 -0.11 0.51 0.01 -0.11 -0.24 376.34 0.00 -0.63 -0.11
7.5232 -0.36 -0.11 0.51 0.01 -0.24 -0.24 376.83 0.00 -0.63 -0.24
7.6197 -0.36 -0.11 0.64 0.01 -0.24 -0.24 375.86 0.00 -0.75 -0.24
7.7229 -0.36 -0.11 0.39 0.01 -0.11 -0.11 376.34 0.00 -0.50 -0.11
7.8215 -0.24 -0.11 0.51 0.01 -0.11 -0.24 375.86 0.00 -0.63 -0.11
7.9192 -0.36 -0.11 0.51 0.14 -0.24 -0.24 375.86 0.00 -0.63 -0.24
8.0163 -0.36 -0.11 0.51 0.01 -0.24 -0.24 375.86 0.00 -0.63 -0.24
8.1217 -0.36 -0.11 0.51 0.01 -0.11 -0.24 375.37 0.00 -0.63 -0.11
8.2183 -0.36 -0.11 0.51 0.01 -0.24 -0.24 375.37 0.00 -0.63 -0.24
8.3160 -0.36 -0.24 0.51 0.01 -0.11 -0.24 375.37 0.00 -0.75 -0.11
8.4149 -0.36 -0.24 0.64 0.14 -0.11 -0.11 374.39 0.00 -0.88 -0.11
8.5122 -0.49 -0.11 0.51 0.01 -0.11 -0.11 375.37 0.00 -0.63 -0.11
8.6118 -0.36 -0.11 0.51 0.01 -0.24 -0.24 374.88 0.00 -0.63 -0.24
8.7133 -0.49 -0.11 0.64 0.01 -0.24 -0.24 374.88 0.00 -0.75 -0.24
8.8127 -0.36 -0.11 0.39 0.01 -0.24 -0.24 375.37 0.00 -0.50 -0.24
8.9065 -0.36 -0.11 0.39 0.14 -0.24 -0.24 375.86 0.00 -0.50 -0.24
9.0085 -0.36 -0.11 0.51 0.01 -0.24 -0.24 375.37 0.00 -0.63 -0.24
9.1093 -0.36 -0.11 0.51 0.01 -0.24 -0.24 375.86 0.00 -0.63 -0.24
9.2137 -0.61 -0.11 0.51 0.01 -0.24 -0.24 375.37 0.00 -0.63 -0.24
9.3106 -0.36 -0.11 0.51 0.01 -0.11 -0.24 374.88 0.00 -0.63 -0.11
9.4110 -0.36 -0.11 0.51 0.01 -0.11 -0.24 374.39 0.00 -0.63 -0.11
9.5087 -0.36 -0.11 0.51 -0.11 -0.11 -0.24 374.88 0.00 -0.63 -0.11
9.6077 -0.36 -0.11 0.51 0.01 -0.11 -0.24 375.37 0.00 -0.63 -0.11
9.7104 -0.36 -0.11 0.51 0.01 -0.11 -0.24 374.88 0.00 -0.63 -0.11
9.8118 -0.36 -0.11 0.51 0.01 -0.11 -0.24 375.37 0.00 -0.63 -0.11
9.9091 -0.36 -0.11 0.51 0.01 -0.24 -0.24 374.88 0.00 -0.63 -0.24
10.0083 -0.36 -0.11 0.39 0.14 -0.11 -0.24 375.37 0.00 -0.50 -0.11
10.1069 -0.36 -0.11 0.51 -0.11 -0.11 -0.24 375.86 0.00 -0.63 -0.11
10.2051 -0.61 -0.11 0.51 0.01 -0.11 -0.24 375.37 0.00 -0.63 -0.11
10.3024 -0.36 -0.11 0.51 0.01 -0.24 -0.11 374.88 0.00 -0.63 -0.24
10.4010 -0.36 -0.11 0.51 0.14 -0.24 -0.11 375.37 0.00 -0.63 -0.24
10.4993 -0.36 -0.11 0.51 0.01 -0.24 -0.24 375.86 0.00 -0.63 -0.24
10.5962 -0.24 -0.11 0.51 0.01 -0.11 -0.24 375.86 0.00 -0.63 -0.11
10.6962 -0.49 -0.11 0.64 0.01 -0.11 -0.24 375.86 0.00 -0.75 -0.11
10.8072 -0.36 -0.11 0.51 0.14 -0.11 -0.24 376.34 0.00 -0.63 -0.11
10.9047 -0.36 0.01 0.51 0.01 -0.24 -0.24 376.34 0.00 -0.50 -0.24
11.0030 -0.36 -0.11 0.51 0.01 -0.24 -0.11 376.83 0.00 -0.63 -0.24
11.1004 -0.36 -0.11 0.51 0.14 -0.11 -0.24 375.37 0.00 -0.63 -0.11
11.1990 -0.36 0.01 0.51 0.01 -0.24 -0.24 375.37 0.00 -0.50 -0.24
11.2988 -0.36 -0.11 0.64 0.01 -0.24 -0.11 375.86 0.00 -0.75 -0.24
11.3930 -0.36 -0.11 0.39 -0.11 -0.11 -0.24 376.34 0.00 -0.50 -0.11
11.4909 -0.36 -0.11 0.51 0.01 -0.24 -0.11 376.34 0.00 -0.63 -0.24
11.5900 -0.36 -0.11 0.51 0.01 -0.24 -0.24 375.86 0.00 -0.63 -0.24
11.6921 -0.36 -0.11 0.39 0.14 -0.24 -0.11 376.34 0.00 -0.50 -0.24
11.7910 -0.36 -0.11 0.39 0.01 -0.24 -0.11 375.37 0.00 -0.50 -0.24
11.8853 -0.36 -0.24 0.51 0.14 -0.24 -0.24 375.86 0.00 -0.75 -0.24
11.9822 -0.36 -0.11 0.51 0.01 -0.24 -0.24 375.37 0.00 -0.63 -0.24
12.0813 -0.36 -0.11 0.51 0.01 -0.24 -0.24 375.37 0.00 -0.63 -0.24
12.1779 -0.36 -0.11 0.51 -0.11 -0.24 -0.24 374.88 0.00 -0.63 -0.24
12.2779 -0.36 -0.11 0.51 0.01 -0.24 -0.24 376.34 0.00 -0.63 -0.24
12.3758 -0.36 0.01 0.64 0.01 -0.24 -0.24 376.83 0.00 -0.63 -0.24
12.4753 -0.36 -0.11 0.51 0.01 -0.24 -0.24 376.34 0.00 -0.63 -0.24
12.5774 -0.36 0.01 0.51 0.01 -0.11 -0.24 376.34 0.00 -0.50 -0.11
12.6840 -0.36 -0.11 0.64 0.14 -0.24 -0.24 376.34 0.00 -0.75 -0.24
12.7864 -0.36 -0.11 0.39 0.01 -0.11 -0.24 376.83 0.00 -0.50 -0.11
12.8880 -0.24 -0.11 0.39 0.01 -0.11 -0.24 376.34 0.00 -0.50 -0.11
12.9850 -0.36 -0.11 0.64 0.01 -0.24 -0.24 376.34 0.00 -0.75 -0.24
13.0861 -0.36 0.01 0.51 0.01 -0.11 -0.24 377.32 0.00 -0.50 -0.11
13.1849 -0.36 -0.11 0.51 -0.11 -0.24 -0.24 376.34 0.00 -0.63 -0.24
13.2849 -0.36 -0.11 0.64 0.14 -0.24 -0.24 376.34 0.00 -0.75 -0.24
13.3822 -0.36 -0.11 0.51 0.01 -0.11 -0.24 375.86 0.00 -0.63 -0.11
13.4778 -0.36 0.01 0.51 0.01 -0.24 -0.11 376.34 0.00 -0.50 -0.24
13.5748 -0.36 -0.11 0.51 0.01 -0.11 -0.24 376.83 0.00 -0.63 -0.11
13.6782 -0.36 -0.11 0.51 0.01 -0.11 -0.11 376.34 0.00 -0.63 -0.11
13.7768 -0.36 -0.11 0.51 0.01 -0.24 -0.11 376.83 0.00 -0.63 -0.24
13.8761 -0.36 -0.11 0.51 0.01 -0.24 -0.24 375.86 0.00 -0.63 -0.24
13.9728 -0.36 -0.11 0.51 -0.11 -0.11 -0.11 375.37 0.00 -0.63 -0.11
14.0720 -0.24 -0.11 0.51 0.01 -0.24 -0.24 376.34 0.00 -0.63 -0.24
14.1701 -0.36 -0.11 0.51 0.14 -0.24 -0.24 375.37 0.00 -0.63 -0.24
14.2686 -0.36 -0.11 0.51 0.01 -0.24 -0.24 375.37 0.00 -0.63 -0.24
14.3587 -0.36 -0.11 0.64 0.01 -0.24 -0.24 374.88 0.00 -0.75 -0.24
14.4598 -0.36 -0.11 0.51 0.01 -0.24 -0.24 374.39 0.00 -0.63 -0.24
14.5614 -0.36 -0.11 0.51 0.01 -0.24 -0.11 374.88 0.00 -0.63 -0.24
14.6590 -0.36 -0.11 0.64 0.01 -0.24 -0.24 374.88 0.00 -0.75 -0.24
14.7584 -0.36 -0.11 0.51 0.01 -0.11 -0.11 374.39 0.00 -0.63 -0.11
14.8583 -0.36 -0.11 0.51 0.01 -0.11 -0.24 375.86 0.00 -0.63 -0.11
14.9564 -0.36 -0.11 0.51 0.01 -0.11 -0.24 374.88 0.00 -0.63 -0.11
15.0555 -0.11 -0.11 0.51 0.01 -0.11 -0.24 373.90 0.00 -0.63 -0.11
15.1537 -0.49 -0.11 0.51 -0.11 -0.24 -0.24 373.90 0.00 -0.63 -0.24
15.2507 -0.36 -0.11 0.64 -0.11 -0.24 -0.49 373.41 0.00 -0.75 -0.24
15.3499 -0.36 -0.11 0.51 0.14 -0.11 -0.24 374.39 0.00 -0.63 -0.11
15.4445 -0.36 0.01 0.39 0.01 -0.11 -0.24 374.39 0.00 -0.38 -0.11
15.5422 -0.36 -0.11 0.51 -0.11 -0.11 -0.36 374.39 0.00 -0.63 -0.11
15.6393 -0.36 -0.11 0.51 0.01 -0.24 -0.24 374.39 0.00 -0.63 -0.24
15.7435 -0.36 -0.11 0.51 0.01 -0.24 -0.24 374.39 0.00 -0.63 -0.24
15.8412 -0.36 -0.11 0.64 0.01 -0.11 -0.36 373.90 0.00 -0.75 -0.11
15.9354 -0.36 0.01 0.51 0.01 -0.24 -0.24 373.90 0.00 -0.50 -0.24
16.0294 -0.24 -0.11 0.51 -0.11 -0.11 -0.24 374.39 0.00 -0.63 -0.11
16.1282 -0.36 -0.11 0.51 0.14 -0.24 -0.24 373.90 0.00 -0.63 -0.24
16.2265 -0.36 0.01 0.51 -0.11 -0.11 -0.24 373.90 0.00 -0.50 -0.11
16.3230 -0.36 -0.11 0.51 0.14 -0.24 -0.24 373.90 0.00 -0.63 -0.24
16.4219 -0.36 -0.11 0.51 0.01 -0.24 -0.24 374.39 0.00 -0.63 -0.24
16.5190 -0.36 -0.11 0.51 0.01 -0.24 -0.24 373.90 0.00 -0.63 -0.24
16.6190 -0.36 -0.11 0.51 0.01 -0.11 -0.24 373.41 0.00 -0.63 -0.11
16.7268 -0.36 -0.11 0.51 0.01 -0.11 -0.24 372.92 0.00 -0.63 -0.11
16.8268 -0.36 -0.11 0.51 0.01 -0.24 -0.24 373.41 0.00 -0.63 -0.24
16.9260 -0.36 -0.11 0.51 -0.11 -0.24 -0.11 373.41 0.00 -0.63 -0.24
17.0243 -0.36 -0.11 0.39 0.01 -0.11 -0.24 372.92 0.00 -0.50 -0.11
17.1235 -0.36 -0.11 0.51 0.01 -0.11 -0.24 372.92 0.00 -0.63 -0.11
17.2172 -0.36 -0.11 0.51 0.01 -0.11 -0.24 372.43 0.00 -0.63 -0.11
17.3134 -0.49 0.01 0.51 0.01 -0.24 -0.24 373.41 0.00 -0.50 -0.24
17.4095 -0.36 -0.11 0.51 0.01 -0.24 -0.11 373.41 0.00 -0.63 -0.24
17.5085 -0.36 -0.11 0.64 0.01 -0.24 -0.11 373.41 0.00 -0.75 -0.24
17.6092 -0.36 -0.11 0.51 0.14 -0.24 -0.24 373.41 0.00 -0.63 -0.24
17.7157 -0.36 -0.11 0.51 0.14 -0.24 -0.24 373.41 0.00 -0.63 -0.24
17.8197 -0.36 -0.11 0.64 0.01 -0.24 -0.24 372.92 0.00 -0.75 -0.24
17.9173 -0.36 0.01 0.51 0.01 -0.24 -0.24 374.39 0.00 -0.50 -0.24
18.0186 -0.36 -0.11 0.51 0.14 -0.11 -0.11 373.41 0.00 -0.63 -0.11
18.1189 -0.36 -0.11 0.64 0.01 -0.24 -0.24 372.92 0.00 -0.75 -0.24
18.2132 -0.36 -0.11 0.51 0.01 -0.24 -0.24 373.41 0.00 -0.63 -0.24
18.3110 -0.36 -0.11 0.51 0.01 -0.11 -0.24 374.39 0.00 -0.63 -0.11
18.3999 -0.36 -0.11 0.51 0.14 -0.24 -0.36 372.92 0.00 -0.63 -0.24
18.4977 -0.36 -0.11 0.51 0.01 -0.24 -0.24 373.41 0.00 -0.63 -0.24
18.5891 -0.24 -0.11 0.51 0.01 -0.11 -0.24 373.41 0.00 -0.63 -0.11
18.6903 -0.36 0.01 0.51 0.01 -0.11 -0.11 373.41 0.00 -0.50 -0.11
18.7894 -0.36 -0.11 0.39 0.01 -0.24 -0.24 372.92 0.00 -0.50 -0.24
18.8897 -0.36 -0.11 0.39 0.01 -0.11 -0.24 372.92 0.00 -0.50 -0.11
18.9857 -0.36 -0.11 0.51 0.01 -0.11 -0.24 372.43 0.00 -0.63 -0.11
19.0797 -0.61 -0.11 0.51 -0.11 -0.24 -0.11 373.41 0.00 -0.63 -0.24
19.1759 -0.24 -0.11 0.51 0.01 -0.24 -0.24 372.92 0.00 -0.63 -0.24
19.2734 -0.36 -0.11 0.51 0.01 -0.11 -0.24 373.41 0.00 -0.63 -0.11
19.3715 -0.49 -0.11 0.51 0.14 -0.24 -0.24 373.41 0.00 -0.63 -0.24
19.4738 -0.36 -0.11 0.51 0.01 -0.24 -0.24 373.41 0.00 -0.63 -0.24
19.5741 -0.36 -0.11 0.51 0.14 -0.24 -0.11 372.92 0.00 -0.63 -0.24
19.6788 -0.36 -0.11 0.51 0.01 -0.11 -0.24 372.43 0.00 -0.63 -0.11
19.7765 -0.36 -0.11 0.64 0.14 -0.24 -0.24 372.92 0.00 -0.75 -0.24
19.8733 -0.24 -0.11 0.51 0.01 -0.11 -0.24 372.92 0.00 -0.63 -0.11
19.9702 -0.36 -0.11 0.51 -0.11 -0.24 -0.11 372.92 0.00 -0.63 -0.24
20.0678 -0.36 -0.11 0.64 0.01 -0.11 -0.24 372.43 0.00 -0.75 -0.11
20.1619 -0.36 -0.11 0.51 -0.11 -0.11 -0.24 372.92 0.00 -0.63 -0.11
20.2601 -0.36 -0.11 0.51 0.14 -0.11 -0.24 372.92 0.00 -0.63 -0.11
20.3584 -0.36 -0.11 0.64 0.01 -0.24 -0.24 373.41 0.00 -0.75 -0.24
20.4572 -0.36 -0.11 0.39 0.01 -0.24 -0.24 371.95 0.00 -0.50 -0.24
20.5555 -0.36 -0.11 0.39 0.01 -0.24 -0.11 371.95 0.00 -0.50 -0.24
20.6491 -0.36 -0.11 0.51 -0.11 -0.11 -0.24 372.43 0.00 -0.63 -0.11
20.7510 -0.36 -0.11 0.51 0.01 -0.24 -0.24 372.92 0.00 -0.63 -0.24
20.8485 -0.36 -0.11 0.51 0.01 -0.24 -0.24 372.43 0.00 -0.63 -0.24
20.9480 -0.24 0.01 0.64 0.01 -0.11 -0.11 372.43 0.00 -0.63 -0.11
21.0472 -0.49 -0.11 0.51 0.01 -0.24 -0.24 372.43 0.00 -0.63 -0.24
21.1450 -0.36 -0.11 0.51 0.01 -0.24 -0.11 373.41 0.00 -0.63 -0.24
21.2423 -0.36 0.01 0.51 0.01 -0.11 -0.24 372.92 0.00 -0.50 -0.11
21.3379 -0.36 0.01 0.39 0.01 -0.24 -0.24 372.43 0.00 -0.38 -0.24
21.4321 -0.36 -0.11 0.51 0.01 -0.24 -0.11 372.43 0.00 -0.63 -0.24
21.5301 -0.11 -0.11 0.39 0.01 -0.24 -0.24 372.92 0.00 -0.50 -0.24
21.6248 -0.36 -0.11 0.39 0.14 -0.11 -0.24 372.43 0.00 -0.50 -0.11
21.7225 -0.36 -0.11 0.51 0.01 -0.11 -0.24 371.95 0.00 -0.63 -0.11
21.8165 -0.36 0.01 0.51 0.01 -0.24 -0.11 372.92 0.00 -0.50 -0.24
21.9108 -0.36 -0.11 0.51 0.01 -0.24 -0.36 372.43 0.00 -0.63 -0.24
22.0181 -0.36 -0.11 0.64 0.14 -0.11 -0.24 372.92 0.00 -0.75 -0.11
22.1083 -0.36 -0.11 0.51 0.01 -0.11 -0.24 372.43 0.00 -0.63 -0.11
22.2063 -0.36 -0.11 0.39 0.14 -0.11 -0.24 372.43 0.00 -0.50 -0.11
22.3050 -0.24 -0.24 0.64 0.14 -0.24 -0.24 371.95 0.00 -0.88 -0.24
22.3982 -0.36 -0.11 0.39 0.01 -0.24 -0.24 373.41 0.00 -0.50 -0.24
22.4968 -0.36 -0.11 0.51 0.01 -0.24 -0.24 371.46 0.00 -0.63 -0.24
22.5960 -0.61 -0.11 0.51 0.01 -0.24 -0.24 371.95 0.00 -0.63 -0.24
22.6958 -0.36 -0.11 0.39 0.01 -0.24 -0.24 370.48 0.00 -0.50 -0.24
22.7966 -0.36 -0.24 0.39 0.01 -0.11 -0.24 372.43 0.00 -0.63 -0.11
22.8966 -0.36 -0.11 0.64 0.01 -0.11 -0.24 370.97 0.00 -0.75 -0.11
22.9959 -0.36 -0.11 0.64 0.01 -0.24 -0.24 371.95 0.00 -0.75 -0.24
23.0951 -0.36 -0.11 0.51 0.01 -0.24 -0.24 371.95 0.00 -0.63 -0.24
23.1909 -0.36 -0.11 0.64 0.14 -0.24 -0.24 371.46 0.00 -0.75 -0.24
23.2874 -0.61 -0.11 0.51 0.14 -0.24 -0.24 371.46 0.00 -0.63 -0.24
23.3852 -0.36 -0.11 0.51 0.14 -0.24 -0.11 370.97 0.00 -0.63 -0.24
23.4842 -0.36 0.01 0.51 -0.11 -0.24 -0.24 371.46 0.00 -0.50 -0.24
23.5854 -0.36 -0.11 0.51 0.01 -0.24 -0.11 371.46 0.00 -0.63 -0.24
23.6885 -0.36 -0.11 0.51 0.01 -0.24 -0.24 370.97 0.00 -0.63 -0.24
23.7876 -0.24 -0.11 0.51 0.01 -0.24 -0.24 369.99 0.00 -0.63 -0.24
23.8825 -0.49 -0.11 0.64 0.01 -0.24 -0.24 370.48 0.00 -0.75 -0.24
23.9788 -0.36 -0.11 0.51 0.01 -0.11 -0.11 370.48 0.00 -0.63 -0.11
24.0805 -0.36 -0.11 0.51 0.01 -0.11 -0.11 369.50 0.00 -0.63 -0.11
24.1793 -0.36 -0.11 0.51 0.01 -0.24 -0.24 371.46 0.00 -0.63 -0.24
24.2785 -0.36 -0.11 0.64 0.01 -0.24 -0.11 371.46 0.00 -0.75 -0.24
24.3758 -0.36 -0.24 0.51 0.01 -0.11 -0.11 370.97 0.00 -0.75 -0.11
24.4760 -0.36 0.01 0.51 0.01 -0.24 -0.24 370.48 0.00 -0.50 -0.24
24.5728 -0.24 -0.11 0.64 0.14 -0.24 -0.24 369.99 0.00 -0.75 -0.24
24.6758 -0.36 -0.11 0.51 0.01 -0.11 -0.24 370.97 0.00 -0.63 -0.11
24.7698 -0.36 -0.11 0.51 0.14 -0.24 -0.11 371.46 0.00 -0.63 -0.24
24.8673 -0.36 -0.11 0.64 0.14 -0.24 -0.24 371.46 0.00 -0.75 -0.24
24.9657 -0.36 -0.11 0.51 0.01 -0.11 -0.24 371.46 0.00 -0.63 -0.11
25.0651 -0.36 -0.11 0.39 0.01 -0.24 -0.24 369.99 0.00 -0.50 -0.24
25.1594 -0.36 -0.11 0.64 0.01 -0.11 -0.24 371.95 0.00 -0.75 -0.11
25.2541 -0.36 -0.11 0.51 0.01 -0.24 -0.24 371.46 0.00 -0.63 -0.24
25.3510 -0.36 -0.11 0.51 0.01 -0.11 -0.11 371.95 0.00 -0.63 -0.11
25.4518 -0.36 -0.11 0.64 0.01 -0.11 -0.24 372.43 0.00 -0.75 -0.11
25.5519 -0.36 0.01 0.51 -0.11 -0.24 -0.11 371.95 0.00 -0.50 -0.24
25.6516 -0.36 -0.11 0.39 0.01 -0.11 -0.24 372.43 0.00 -0.50 -0.11
25.7529 -0.24 -0.11 0.64 0.01 -0.24 -0.24 373.41 0.00 -0.75 -0.24
25.8555 -0.11 -0.11 0.51 0.01 -0.11 -0.24 372.92 0.00 -0.63 -0.11
25.9539 -0.36 -0.11 0.51 -0.11 -0.24 -0.11 372.43 0.00 -0.63 -0.24
26.0513 -0.36 -0.11 0.64 0.14 -0.24 -0.24 371.95 0.00 -0.75 -0.24
26.1502 -0.36 -0.11 0.51 0.01 -0.24 -0.24 372.92 0.00 -0.63 -0.24
26.2446 -0.36 -0.11 0.51 0.01 -0.11 -0.11 373.41 0.00 -0.63 -0.11
26.3465 -0.24 -0.11 0.51 -0.11 -0.11 -0.36 372.92 0.00 -0.63 -0.11
26.4411 -0.36 -0.11 0.51 0.01 -0.11 -0.24 371.95 0.00 -0.63 -0.11
26.5395 -0.36 -0.11 0.51 0.01 -0.11 -0.24 372.43 0.00 -0.63 -0.11
26.6359 -0.49 -0.11 0.39 0.01 -0.11 -0.24 372.92 0.00 -0.50 -0.11
26.7409 -0.24 -0.11 0.51 0.01 -0.24 -0.24 372.92 0.00 -0.63 -0.24
26.8381 -0.61 -0.11 0.39 0.01 -0.24 -0.24 372.43 0.00 -0.50 -0.24
26.9356 -0.36 -0.24 0.51 0.01 -0.24 -0.24 372.43 0.00 -0.75 -0.24
27.0310 -0.24 -0.11 0.51 0.01 -0.11 -0.24 372.92 0.00 -0.63 -0.11
27.1296 -0.36 0.01 0.64 0.01 -0.24 -0.24 372.43 0.00 -0.63 -0.24
27.2276 -0.36 -0.11 0.51 0.14 -0.11 -0.24 372.92 0.00 -0.63 -0.11
27.3243 -0.36 0.01 0.51 0.14 -0.24 -0.24 374.39 0.00 -0.50 -0.24
27.4233 -0.36 -0.11 0.51 0.01 -0.24 -0.24 372.92 0.00 -0.63 -0.24
27.5219 -0.24 -0.11 0.51 0.14 -0.11 -0.24 372.43 0.00 -0.63 -0.11
27.6159 -0.36 -0.11 0.51 0.14 -0.24 -0.11 372.92 0.00 -0.63 -0.24
27.7189 -0.36 -0.11 0.64 0.01 -0.11 -0.24 372.43 0.00 -0.75 -0.11
27.8167 -0.36 -0.11 0.51 0.01 -0.11 -0.24 371.95 0.00 -0.63 -0.11
27.9148 -0.24 -0.11 0.51 0.01 -0.24 -0.24 372.92 0.00 -0.63 -0.24
28.0104 -0.36 0.01 0.64 -0.11 -0.11 -0.11 372.92 0.00 -0.63 -0.11
28.1080 -0.36 -0.11 0.39 0.01 -0.11 -0.24 373.41 0.00 -0.50 -0.11
28.2022 -0.36 -0.11 0.51 0.14 -0.24 -0.24 372.43 0.00 -0.63 -0.24
28.3013 -0.36 -0.11 0.64 0.01 -0.24 -0.24 372.92 0.00 -0.75 -0.24
28.3940 -0.36 -0.24 0.51 0.01 -0.24 -0.11 372.92 0.00 -0.75 -0.24
28.4932 -0.36 0.01 0.51 0.01 -0.11 -0.11 373.90 0.00 -0.50 -0.11
28.5960 -0.36 -0.11 0.51 0.01 -0.24 -0.24 372.43 0.00 -0.63 -0.24
28.6983 -0.36 -0.11 0.39 0.01 -0.11 -0.24 372.43 0.00 -0.50 -0.11
28.8051 -0.36 -0.11 0.51 0.01 -0.24 -0.24 372.92 0.00 -0.63 -0.24
28.9015 -0.36 -0.11 0.51 0.01 -0.11 -0.24 373.41 0.00 -0.63 -0.11
28.9973 -0.36 -0.11 0.39 0.01 -0.11 -0.11 373.41 0.00 -0.50 -0.11
29.0941 -0.24 -0.11 0.51 0.01 -0.24 -0.11 372.92 0.00 -0.63 -0.24
29.1923 -0.36 -0.11 0.51 0.01 -0.11 -0.11 372.92 0.00 -0.63 -0.11
29.2926 -0.36 -0.11 0.51 0.01 -0.24 -0.24 373.41 0.00 -0.63 -0.24
29.3905 -0.24 0.01 0.51 0.01 -0.11 -0.24 374.39 0.00 -0.50 -0.11
29.4901 -0.36 -0.11 0.51 0.01 -0.11 -0.24 373.41 0.00 -0.63 -0.11
29.5825 -0.36 -0.11 0.51 0.14 -0.24 -0.24 372.92 0.00 -0.63 -0.24
29.6841 -0.36 -0.11 0.64 0.01 -0.24 -0.24 373.41 0.00 -0.75 -0.24
29.7844 -0.36 -0.11 0.51 0.01 -0.24 -0.24 373.41 0.00 -0.63 -0.24
29.8808 -0.11 -0.11 0.51 0.01 -0.11 -0.24 373.90 0.00 -0.63 -0.11
29.9786 -0.36 -0.11 0.64 0.01 -0.11 -0.11 373.90 0.00 -0.75 -0.11
30.0769 -0.36 0.01 0.51 0.01 -0.24 -0.11 374.39 0.00 -0.50 -0.24
30.1758 -0.36 0.01 0.51 0.01 -0.11 -0.24 374.39 0.00 -0.50 -0.11
30.2756 -0.36 -0.11 0.51 0.01 -0.24 -0.24 374.88 0.00 -0.63 -0.24
30.3718 -0.36 -0.11 0.51 0.01 -0.11 -0.11 372.92 0.00 -0.63 -0.11
30.4679 -0.36 -0.11 0.51 0.01 -0.24 -0.11 373.41 0.00 -0.63 -0.24
30.5653 -0.36 -0.11 0.64 -0.11 -0.24 -0.24 374.39 0.00 -0.75 -0.24
30.6648 -0.36 -0.11 0.51 0.14 -0.24 -0.24 373.90 0.00 -0.63 -0.24
30.7668 -0.36 -0.11 0.51 0.01 -0.24 -0.24 373.41 0.00 -0.63 -0.24
30.8658 -0.36 -0.11 0.51 0.01 -0.11 -0.24 373.90 0.00 -0.63 -0.11
30.9623 -0.36 -0.11 0.51 0.14 -0.24 -0.11 373.90 0.00 -0.63 -0.24
31.0602 -0.36 0.01 0.51 0.01 -0.24 -0.24 374.39 0.00 -0.50 -0.24
31.1588 -0.36 -0.11 0.64 0.01 -0.11 -0.11 374.39 0.00 -0.75 -0.11
31.2574 -0.36 -0.11 0.51 0.01 -0.11 -0.24 373.90 0.00 -0.63 -0.11
31.3535 -0.36 -0.11 0.51 0.01 -0.11 -0.24 373.90 0.00 -0.63 -0.11
31.4464 -0.36 -0.11 0.39 0.01 -0.11 -0.11 374.39 0.00 -0.50 -0.11
31.5440 -0.36 -0.11 0.51 0.14 -0.24 -0.24 374.39 0.00 -0.63 -0.24
31.6431 -0.36 -0.11 0.64 0.01 -0.24 -0.24 374.88 0.00 -0.75 -0.24
31.7415 -0.36 -0.11 0.39 0.01 -0.11 -0.24 374.88 0.00 -0.50 -0.11
31.8350 -0.36 -0.11 0.51 -0.11 -0.24 -0.24 374.88 0.00 -0.63 -0.24
31.9301 -0.24 -0.11 0.51 0.01 -0.24 -0.24 374.88 0.00 -0.63 -0.24
32.0217 -0.36 -0.11 0.51 0.01 -0.11 -0.24 374.39 0.00 -0.63 -0.11
32.1174 -0.36 -0.11 0.51 0.14 -0.11 -0.24 373.90 0.00 -0.63 -0.11
32.2114 -0.36 -0.11 0.51 0.01 -0.24 -0.24 374.88 0.00 -0.63 -0.24
32.3101 -0.36 -0.11 0.39 -0.11 -0.11 -0.11 374.88 0.00 -0.50 -0.11
32.4065 -0.11 -0.11 0.51 0.01 -0.24 -0.24 374.39 0.00 -0.63 -0.24
32.4988 -0.36 -0.11 0.51 -0.11 -0.24 -0.24 374.39 0.00 -0.63 -0.24
32.6006 -0.36 -0.11 0.51 0.01 -0.24 -0.24 374.88 0.00 -0.63 -0.24
32.7028 -0.36 0.01 0.51 0.01 -0.24 -0.24 374.39 0.00 -0.50 -0.24
32.8029 -0.36 -0.11 0.64 0.01 -0.24 -0.24 374.88 0.00 -0.75 -0.24
32.9003 -0.36 -0.11 0.51 0.01 -0.11 -0.24 375.37 0.00 -0.63 -0.11
32.9972 -0.24 0.01 0.51 0.01 -0.24 -0.24 375.37 0.00 -0.50 -0.24
33.0968 -0.36 -0.11 0.51 0.01 -0.24 -0.11 374.39 0.00 -0.63 -0.24
33.1953 -0.36 -0.11 0.51 0.01 -0.11 -0.24 374.88 0.00 -0.63 -0.11
33.2954 -0.36 0.01 0.51 0.01 -0.24 -0.24 374.88 0.00 -0.50 -0.24
33.4009 -0.36 -0.11 0.64 0.01 -0.24 -0.24 374.88 0.00 -0.75 -0.24
33.4979 -0.49 -0.11 0.51 -0.11 -0.24 -0.24 375.37 0.00 -0.63 -0.24
33.5951 -0.36 -0.11 0.51 0.01 -0.24 -0.24 374.39 0.00 -0.63 -0.24
33.6992 -0.36 -0.11 0.51 0.01 -0.11 -0.24 374.39 0.00 -0.63 -0.11
33.7950 -0.36 -0.11 0.51 0.01 -0.11 -0.24 373.90 0.00 -0.63 -0.11
33.8870 -0.36 -0.11 0.39 0.01 -0.24 -0.36 374.39 0.00 -0.50 -0.24
33.9862 -0.36 -0.11 0.51 0.01 -0.11 -0.24 374.39 0.00 -0.63 -0.11
34.0840 -0.36 -0.11 0.51 0.01 -0.24 -0.24 373.41 0.00 -0.63 -0.24
34.1816 -0.61 -0.11 0.39 0.01 -0.24 -0.24 372.92 0.00 -0.50 -0.24
34.2826 -0.36 0.01 0.51 0.01 -0.24 -0.11 373.41 0.00 -0.50 -0.24
34.3823 -0.36 -0.11 0.64 0.01 -0.24 -0.24 374.39 0.00 -0.75 -0.24
34.4815 -0.24 -0.11 0.51 0.01 -0.24 -0.11 374.88 0.00 -0.63 -0.24
34.5838 -0.36 -0.11 0.51 0.01 -0.24 -0.11 374.39 0.00 -0.63 -0.24
34.6862 -0.36 -0.11 0.51 0.01 -0.24 -0.24 374.39 0.00 -0.63 -0.24
34.7810 -0.24 -0.11 0.51 0.01 -0.24 -0.11 375.37 0.00 -0.63 -0.24
34.8782 -0.36 -0.11 0.39 0.01 -0.24 -0.24 375.37 0.00 -0.50 -0.24
34.9787 -0.36 0.01 0.51 0.01 -0.24 -0.24 374.88 0.00 -0.50 -0.24
35.0785 -0.36 -0.11 0.64 -0.11 -0.24 -0.11 375.37 0.00 -0.75 -0.24
35.1768 -0.36 -0.11 0.51 0.01 -0.24 -0.24 374.88 0.00 -0.63 -0.24
35.2714 -0.36 -0.11 0.51 0.01 -0.24 -0.24 374.88 0.00 -0.63 -0.24
35.3710 -0.36 -0.11 0.51 0.01 -0.11 -0.24 374.88 0.00 -0.63 -0.11
35.4647 -0.24 -0.11 0.51 0.14 -0.11 -0.24 374.88 0.00 -0.63 -0.11
35.5644 -0.36 0.01 0.51 0.01 -0.24 -0.24 375.86 0.00 -0.50 -0.24
35.6599 -0.36 -0.11 0.51 0.14 -0.11 -0.24 375.37 0.00 -0.63 -0.11
35.7592 -0.36 -0.11 0.51 -0.11 -0.11 -0.11 374.88 0.00 -0.63 -0.11
35.8609 -0.36 -0.11 0.51 0.01 -0.24 -0.11 375.37 0.00 -0.63 -0.24
35.9601 -0.36 -0.11 0.64 0.01 -0.24 -0.24 374.88 0.00 -0.75 -0.24
36.0651 -0.36 -0.11 0.51 -0.11 -0.24 -0.24 375.37 0.00 -0.63 -0.24
36.1610 -0.36 0.01 0.51 0.01 -0.11 -0.24 375.37 0.00 -0.50 -0.11
36.2547 -0.36 -0.11 0.51 0.01 -0.11 -0.24 374.88 0.00 -0.63 -0.11
36.3538 -0.36 -0.11 0.39 0.01 -0.11 -0.24 375.37 0.00 -0.50 -0.11
36.4468 -0.36 -0.11 0.51 0.01 -0.24 -0.11 375.37 0.00 -0.63 -0.24
36.5437 -0.36 -0.11 0.64 0.01 -0.24 -0.11 375.86 0.00 -0.75 -0.24
36.6445 -0.36 0.01 0.51 0.01 -0.24 -0.24 375.37 0.00 -0.50 -0.24
36.7462 -0.36 -0.11 0.51 -0.11 -0.11 -0.24 375.37 0.00 -0.63 -0.11
36.8443 -0.36 -0.11 0.51 0.01 -0.11 -0.24 375.86 0.00 -0.63 -0.11
36.9431 -0.36 -0.11 0.51 0.01 -0.11 -0.24 375.86 0.00 -0.63 -0.11
37.0405 -0.61 -0.11 0.64 0.01 -0.11 -0.24 376.83 0.00 -0.75 -0.11
37.1402 -0.24 -0.11 0.51 0.14 -0.11 -0.24 376.34 0.00 -0.63 -0.11
37.2376 -0.36 -0.11 0.51 0.14 -0.11 -0.24 374.88 0.00 -0.63 -0.11
37.3360 -0.36 -0.11 0.51 0.01 -0.24 -0.24 375.37 0.00 -0.63 -0.24
37.4388 -0.36 -0.11 0.51 0.01 -0.11 -0.36 375.37 0.00 -0.63 -0.11
37.5383 -0.36 -0.11 0.51 0.01 -0.24 -0.24 375.86 0.00 -0.63 -0.24
37.6336 -0.36 -0.11 0.64 0.01 -0.24 -0.24 376.34 0.00 -0.75 -0.24
37.7345 -0.36 -0.11 0.64 0.01 -0.24 -0.24 375.86 0.00 -0.75 -0.24
37.8277 -0.36 -0.24 0.51 -0.11 -0.24 -0.36 376.83 0.00 -0.75 -0.24
37.9229 -0.11 -0.11 0.64 0.01 -0.11 -0.36 375.86 0.00 -0.75 -0.11
38.0160 -0.36 -0.11 0.51 0.14 -0.24 -0.24 376.34 0.00 -0.63 -0.24
38.1081 -0.36 -0.11 0.39 0.01 -0.24 -0.24 376.34 0.00 -0.50 -0.24
38.2043 -0.24 -0.11 0.64 0.14 -0.24 -0.11 376.34 0.00 -0.75 -0.24
38.3021 -0.36 -0.11 0.51 0.01 -0.24 -0.24 376.34 0.00 -0.63 -0.24
38.3975 -0.36 -0.11 0.51 0.01 -0.11 -0.24 376.34 0.00 -0.63 -0.11
38.4935 -0.36 -0.11 0.51 0.14 -0.11 -0.24 377.81 0.00 -0.63 -0.11
38.5891 -0.36 -0.11 0.51 0.01 -0.24 -0.24 375.86 0.00 -0.63 -0.24
38.6959 -0.36 0.01 0.51 0.01 -0.24 -0.11 376.83 0.00 -0.50 -0.24
38.7938 -0.36 -0.11 0.51 0.01 -0.24 -0.11 377.81 0.00 -0.63 -0.24
38.8910 -0.36 -0.11 0.39 0.01 -0.24 -0.24 376.34 0.00 -0.50 -0.24
38.9900 -0.61 -0.11 0.64 0.01 -0.11 -0.24 376.83 0.00 -0.75 -0.11
39.0896 -0.49 -0.11 0.64 0.14 -0.11 -0.24 376.83 0.00 -0.75 -0.11
39.1859 -0.36 -0.11 0.51 -0.11 -0.24 -0.24 374.88 0.00 -0.63 -0.24
39.2797 -0.36 -0.11 0.51 0.01 -0.11 -0.24 376.83 0.00 -0.63 -0.11
39.3784 -0.36 -0.11 0.64 0.14 -0.11 -0.24 375.86 0.00 -0.75 -0.11
39.4740 -0.36 -0.11 0.51 0.14 -0.24 -0.24 376.34 0.00 -0.63 -0.24
39.5687 -0.36 -0.11 0.51 0.01 -0.24 -0.24 376.83 0.00 -0.63 -0.24
39.6722 -0.11 -0.11 0.51 0.14 -0.11 -0.24 376.34 0.00 -0.63 -0.11
39.7726 -0.36 -0.11 0.39 0.14 -0.11 -0.11 377.81 0.00 -0.50 -0.11
39.8751 -0.36 -0.11 0.51 0.14 -0.24 -0.24 378.30 0.00 -0.63 -0.24
39.9739 -0.36 -0.11 0.51 0.01 -0.24 -0.11 377.32 0.00 -0.63 -0.24
40.0699 -0.36 -0.11 0.51 0.01 -0.11 -0.24 375.86 0.00 -0.63 -0.11
40.1661 -0.24 -0.11 0.64 -0.11 -0.11 -0.24 378.30 0.00 -0.75 -0.11
40.2634 -0.36 0.01 0.39 0.01 -0.24 -0.36 377.81 0.00 -0.38 -0.24
40.3587 -0.36 -0.11 0.51 0.01 -0.24 -0.24 377.32 0.00 -0.63 -0.24
40.4559 -0.36 -0.11 0.51 0.14 -0.11 -0.24 377.32 0.00 -0.63 -0.11
40.5560 -0.36 -0.11 0.39 0.14 -0.24 -0.24 376.83 0.00 -0.50 -0.24
40.6575 -0.36 -0.11 0.51 -0.11 -0.11 -0.24 377.81 0.00 -0.63 -0.11
40.7606 -0.36 -0.11 0.51 0.01 -0.11 -0.11 376.83 0.00 -0.63 -0.11
40.8578 -0.36 -0.11 0.51 0.14 -0.11 -0.24 378.79 0.00 -0.63 -0.11
40.9574 -0.36 -0.11 0.51 0.01 -0.11 -0.24 377.81 0.00 -0.63 -0.11
41.0553 -0.24 -0.11 0.64 0.01 -0.11 -0.24 377.81 0.00 -0.75 -0.11
41.1530 -0.36 -0.11 0.51 0.14 -0.24 -0.24 377.81 0.00 -0.63 -0.24
41.2528 -0.36 -0.11 0.51 0.01 -0.24 -0.24 377.81 0.00 -0.63 -0.24
41.3500 -0.49 -0.11 0.51 0.01 -0.11 -0.36 377.32 0.00 -0.63 -0.11
41.4521 -0.36 -0.11 0.51 0.01 -0.11 -0.24 377.81 0.00 -0.63 -0.11
41.5511 -0.36 -0.11 0.51 0.01 -0.11 -0.24 377.81 0.00 -0.63 -0.11
41.6493 -0.24 -0.11 0.51 0.01 -0.24 -0.24 377.81 0.00 -0.63 -0.24
41.7497 -0.36 -0.11 0.51 0.01 -0.24 -0.11 378.30 0.00 -0.63 -0.24
41.8418 -0.36 -0.11 0.51 0.01 -0.11 -0.11 379.28 0.00 -0.63 -0.11
41.9404 -0.24 -0.11 0.51 -0.11 -0.11 -0.24 378.30 0.00 -0.63 -0.11
42.0343 -0.36 -0.11 0.64 0.01 -0.24 -0.24 377.81 0.00 -0.75 -0.24
42.1319 -0.36 -0.11 0.51 0.01 -0.24 -0.24 379.28 0.00 -0.63 -0.24
42.2346 -0.36 0.01 0.39 0.01 -0.24 -0.24 377.81 0.00 -0.38 -0.24
42.3327 -0.61 -0.11 0.51 0.01 -0.24 -0.24 379.28 0.00 -0.63 -0.24
42.4316 -0.36 -0.11 0.51 0.01 -0.24 -0.11 379.28 0.00 -0.63 -0.24
42.5287 -0.36 -0.11 0.51 0.01 -0.24 -0.11 379.28 0.00 -0.63 -0.24
42.6278 -0.36 -0.11 0.51 0.01 -0.24 -0.24 378.79 0.00 -0.63 -0.24
42.7371 -0.36 -0.11 0.51 0.01 -0.24 -0.36 378.30 0.00 -0.63 -0.24
42.8370 -0.36 0.01 0.51 0.01 -0.24 -0.24 378.79 0.00 -0.50 -0.24
42.9358 -0.36 -0.11 0.51 0.01 -0.24 -0.24 379.28 0.00 -0.63 -0.24
43.0297 -0.24 -0.11 0.51 0.01 -0.11 -0.11 379.28 0.00 -0.63 -0.11
43.1237 -0.36 -0.11 0.51 0.14 -0.24 -0.11 378.79 0.00 -0.63 -0.24
43.2237 -0.49 -0.11 0.51 0.01 -0.24 -0.11 378.30 0.00 -0.63 -0.24
43.3179 -0.36 -0.11 0.51 0.01 -0.24 -0.24 378.79 0.00 -0.63 -0.24
43.4134 -0.36 -0.11 0.51 0.14 -0.24 -0.11 377.81 0.00 -0.63 -0.24
43.5146 -0.36 -0.11 0.51 0.01 -0.24 -0.24 379.28 0.00 -0.63 -0.24
43.6110 -0.36 -0.11 0.51 -0.11 -0.24 -0.24 379.28 0.00 -0.63 -0.24
43.7051 -0.36 -0.11 0.51 0.01 -0.24 -0.24 379.28 0.00 -0.63 -0.24
43.7985 -0.36 -0.11 0.51 0.01 -0.11 -0.24 378.79 0.00 -0.63 -0.11
43.8978 -0.36 0.01 0.64 0.01 -0.11 -0.11 379.28 0.00 -0.63 -0.11
43.9945 -0.36 -0.11 0.51 0.01 -0.11 -0.24 379.28 0.00 -0.63 -0.11
44.0952 -0.36 -0.11 0.51 0.01 -0.24 -0.24 379.28 0.00 -0.63 -0.24
44.1927 -0.36 0.01 0.64 0.01 -0.11 -0.24 378.30 0.00 -0.63 -0.11
44.2885 -0.36 -0.11 0.51 -0.11 -0.11 -0.24 378.30 0.00 -0.63 -0.11
44.3881 -0.36 -0.11 0.51 0.01 -0.24 -0.24 378.30 0.00 -0.63 -0.24
44.4883 -0.36 -0.11 0.51 0.14 -0.11 -0.24 378.79 0.00 -0.63 -0.11
44.5863 -0.36 -0.11 0.51 0.01 -0.24 -0.24 378.79 0.00 -0.63 -0.24
44.6883 -0.36 -0.11 0.64 0.01 -0.24 -0.11 379.28 0.00 -0.75 -0.24
44.7806 -0.36 -0.11 0.51 0.01 -0.24 -0.24 378.30 0.00 -0.63 -0.24
44.8809 -0.36 0.01 0.51 0.01 -0.11 -0.24 378.30 0.00 -0.50 -0.11
44.9882 -0.36 -0.11 0.51 0.14 -0.11 -0.24 378.30 0.00 -0.63 -0.11
45.0857 -0.36 -0.11 0.51 0.01 -0.11 -0.24 378.30 0.00 -0.63 -0.11
45.1876 -0.36 -0.11 0.51 0.14 -0.11 -0.11 378.30 0.00 -0.63 -0.11
45.2856 -0.36 -0.11 0.64 0.14 -0.24 -0.24 378.79 0.00 -0.75 -0.24
45.3790 -0.36 -0.11 0.51 -0.11 -0.11 -0.24 378.30 0.00 -0.63 -0.11
45.4766 -0.36 -0.11 0.39 0.01 -0.24 -0.24 378.79 0.00 -0.50 -0.24
45.5765 -0.36 -0.11 0.51 0.01 -0.11 -0.11 378.79 0.00 -0.63 -0.11
45.6808 -0.36 -0.11 0.51 0.14 -0.11 -0.24 379.28 0.00 -0.63 -0.11
45.7771 -0.36 -0.11 0.51 0.01 -0.24 -0.24 379.77 0.00 -0.63 -0.24
45.8767 -0.36 -0.11 0.51 0.14 -0.24 -0.24 379.28 0.00 -0.63 -0.24
45.9749 -0.24 -0.11 0.51 0.14 -0.24 -0.11 378.79 0.00 -0.63 -0.24
46.0727 -0.36 -0.11 0.51 0.01 -0.24 -0.24 378.79 0.00 -0.63 -0.24
46.1703 -0.36 -0.11 0.64 -0.11 -0.11 -0.11 379.28 0.00 -0.75 -0.11
46.2691 -0.36 -0.11 0.51 0.01 -0.24 -0.24 379.77 0.00 -0.63 -0.24
46.3618 -0.36 -0.11 0.51 0.01 -0.24 -0.36 379.77 0.00 -0.63 -0.24
46.4616 -0.36 -0.11 0.51 0.01 -0.24 -0.24 380.25 0.00 -0.63 -0.24
46.5594 -0.24 -0.11 0.51 0.01 -0.11 -0.24 381.23 0.00 -0.63 -0.11
46.6594 -0.24 -0.24 0.51 0.01 -0.11 -0.24 380.74 0.00 -0.75 -0.11
46.7606 -0.36 -0.11 0.51 0.14 -0.11 -0.24 380.74 0.00 -0.63 -0.11
46.8590 -0.24 -0.11 0.51 0.14 -0.24 -0.24 380.25 0.00 -0.63 -0.24
46.9620 -0.36 -0.11 0.51 0.01 -0.24 -0.24 380.74 0.00 -0.63 -0.24
47.0584 -0.24 -0.11 0.51 0.01 -0.11 -0.36 381.23 0.00 -0.63 -0.11
47.1610 -0.36 -0.11 0.51 0.01 -0.24 -0.24 380.74 0.00 -0.63 -0.24
47.2594 -0.36 -0.11 0.51 0.01 -0.24 -0.24 380.74 0.00 -0.63 -0.24
47.3586 -0.24 -0.11 0.51 0.01 -0.11 -0.24 380.74 0.00 -0.63 -0.11
47.4564 -0.36 -0.11 0.51 0.01 -0.24 -0.24 380.74 0.00 -0.63 -0.24
47.5534 -0.36 -0.11 0.64 0.01 -0.24 -0.11 381.72 0.00 -0.75 -0.24
47.6506 -0.36 -0.11 0.51 -0.11 -0.11 -0.11 381.23 0.00 -0.63 -0.11
47.7580 -0.36 -0.11 0.51 0.01 -0.11 -0.24 381.72 0.00 -0.63 -0.11
47.8570 -0.36 -0.11 0.64 0.01 -0.24 -0.24 381.23 0.00 -0.75 -0.24
47.9563 -0.36 -0.11 0.51 0.01 -0.24 -0.24 381.72 0.00 -0.63 -0.24
48.0515 -0.36 -0.11 0.51 0.01 -0.24 -0.24 380.25 0.00 -0.63 -0.24
48.1497 -0.36 -0.11 0.64 0.01 -0.24 -0.11 380.25 0.00 -0.75 -0.24
48.2459 -0.36 -0.11 0.51 0.01 -0.24 -0.24 382.70 0.00 -0.63 -0.24
48.3416 -0.24 -0.11 0.51 0.14 -0.24 -0.24 381.23 0.00 -0.63 -0.24
48.4355 -0.36 -0.11 0.64 0.01 -0.24 -0.24 380.74 0.00 -0.75 -0.24
48.5332 -0.61 -0.11 0.51 0.01 -0.24 -0.11 381.72 0.00 -0.63 -0.24
48.6370 -0.36 -0.11 0.51 0.14 -0.24 -0.24 381.72 0.00 -0.63 -0.24
48.7440 -0.36 -0.11 0.39 0.01 -0.11 -0.24 382.70 0.00 -0.50 -0.11
48.8392 -0.36 -0.11 0.51 0.01 -0.24 -0.24 381.72 0.00 -0.63 -0.24
48.9346 -0.36 0.01 0.39 0.14 -0.11 -0.24 380.74 0.00 -0.38 -0.11
49.0346 -0.36 -0.11 0.51 0.01 -0.24 -0.24 381.72 0.00 -0.63 -0.24
49.1318 -0.36 -0.11 0.51 0.14 -0.11 -0.24 382.70 0.00 -0.63 -0.11
49.2295 -0.36 -0.11 0.64 -0.11 -0.24 -0.24 383.19 0.00 -0.75 -0.24
49.3245 -0.36 -0.11 0.51 0.14 -0.11 -0.24 382.70 0.00 -0.63 -0.11
49.4188 -0.36 -0.11 0.51 0.01 -0.24 -0.11 382.21 0.00 -0.63 -0.24
49.5203 -0.36 -0.11 0.51 0.01 -0.24 -0.24 382.21 0.00 -0.63 -0.24
49.6184 -0.36 -0.11 0.51 0.01 -0.24 -0.24 382.21 0.00 -0.63 -0.24
49.7209 -0.36 -0.11 0.51 0.01 -0.11 -0.24 382.21 0.00 -0.63 -0.11
49.8211 -0.36 -0.11 0.51 0.01 -0.24 -0.24 382.21 0.00 -0.63 -0.24
49.9168 -0.36 -0.11 0.51 -0.11 -0.11 -0.24 383.19 0.00 -0.63 -0.11
50.0087 -0.49 -0.11 0.51 0.01 -0.24 -0.24 383.19 0.00 -0.63 -0.24
50.1062 -0.36 -0.11 0.51 0.01 -0.24 -0.24 383.68 0.00 -0.63 -0.24
50.2086 -0.36 -0.11 0.51 0.01 -0.11 -0.24 382.70 0.00 -0.63 -0.11
50.3075 -0.36 -0.11 0.51 0.01 -0.11 -0.11 382.21 0.00 -0.63 -0.11
50.4070 -0.36 -0.11 0.51 0.14 -0.11 -0.11 382.21 0.00 -0.63 -0.11
50.5070 -0.36 -0.11 0.51 0.14 -0.11 -0.11 381.72 0.00 -0.63 -0.11
50.6028 -0.36 -0.11 0.51 0.01 -0.24 -0.24 381.23 0.00 -0.63 -0.24
50.7033 -0.36 -0.11 0.64 0.01 -0.11 -0.24 381.23 0.00 -0.75 -0.11
50.8031 -0.36 -0.11 0.51 0.01 -0.24 -0.24 381.72 0.00 -0.63 -0.24
50.9007 -0.49 -0.11 0.51 0.01 -0.24 -0.24 381.72 0.00 -0.63 -0.24
50.9967 -0.36 -0.11 0.51 0.01 -0.24 -0.24 381.72 0.00 -0.63 -0.24
51.0936 -0.36 -0.11 0.51 0.01 -0.24 -0.24 381.23 0.00 -0.63 -0.24
51.1885 -0.36 -0.11 0.51 0.01 -0.24 -0.24 381.23 0.00 -0.63 -0.24
51.2826 -0.36 -0.11 0.51 0.01 -0.24 -0.24 381.23 0.00 -0.63 -0.24
51.3804 -0.36 -0.11 0.51 0.01 -0.11 -0.11 380.74 0.00 -0.63 -0.11
51.4788 -0.36 -0.11 0.51 0.01 -0.24 -0.24 380.74 0.00 -0.63 -0.24
51.5771 -0.36 -0.11 0.51 -0.11 -0.24 -0.24 381.23 0.00 -0.63 -0.24
51.6798 -0.36 -0.24 0.51 0.01 -0.11 -0.24 380.25 0.00 -0.75 -0.11
51.7740 -0.36 -0.11 0.51 0.14 -0.11 -0.24 380.25 0.00 -0.63 -0.11
51.8719 -0.36 -0.11 0.51 0.01 -0.24 -0.11 380.25 0.00 -0.63 -0.24
51.9702 -0.36 -0.11 0.51 0.14 -0.11 -0.11 380.74 0.00 -0.63 -0.11
52.0606 -0.36 -0.11 0.51 0.14 -0.11 -0.24 381.23 0.00 -0.63 -0.11
52.1588 -0.36 -0.11 0.51 0.01 -0.11 -0.24 380.25 0.00 -0.63 -0.11
52.2577 -0.36 -0.11 0.51 0.01 -0.11 -0.36 379.77 0.00 -0.63 -0.11
52.3540 -0.36 -0.11 0.64 0.01 -0.11 -0.24 380.25 0.00 -0.75 -0.11
52.4534 -0.36 -0.11 0.51 0.01 -0.11 -0.24 379.77 0.00 -0.63 -0.11
52.5531 -0.36 -0.11 0.39 0.01 -0.24 -0.24 381.23 0.00 -0.50 -0.24
52.6499 -0.36 -0.11 0.51 0.01 -0.24 -0.24 381.23 0.00 -0.63 -0.24
52.7493 -0.36 -0.11 0.51 0.01 -0.11 -0.24 381.72 0.00 -0.63 -0.11
52.8411 -0.36 -0.11 0.51 -0.11 -0.24 -0.24 381.23 0.00 -0.63 -0.24
52.9328 -0.36 -0.11 0.64 0.01 -0.11 -0.11 381.23 0.00 -0.75 -0.11
53.0294 -0.36 -0.11 0.51 0.01 -0.24 -0.24 380.74 0.00 -0.63 -0.24
53.1297 -0.36 0.01 0.51 -0.11 -0.11 -0.24 380.74 0.00 -0.50 -0.11
53.2276 -0.36 0.01 0.39 0.14 -0.24 -0.11 381.23 0.00 -0.38 -0.24
53.3293 -0.36 -0.11 0.51 0.01 -0.11 -0.11 381.23 0.00 -0.63 -0.11
53.4247 -0.36 -0.11 0.51 0.14 -0.11 -0.11 380.25 0.00 -0.63 -0.11
53.5189 -0.49 -0.11 0.51 0.01 -0.11 -0.11 380.74 0.00 -0.63 -0.11
53.6140 -0.36 -0.11 0.51 -0.11 -0.11 -0.24 381.23 0.00 -0.63 -0.11
53.7151 -0.36 0.01 0.51 0.14 -0.11 -0.11 380.74 0.00 -0.50 -0.11
53.8146 -0.36 -0.24 0.64 0.14 -0.11 -0.24 380.74 0.00 -0.88 -0.11
53.9122 -0.36 -0.11 0.39 0.01 -0.11 -0.24 380.74 0.00 -0.50 -0.11
54.0066 -0.36 -0.24 0.51 0.14 -0.11 -0.24 381.72 0.00 -0.75 -0.11
54.1014 -0.36 -0.11 0.64 0.14 -0.24 -0.36 381.23 0.00 -0.75 -0.24
54.2034 -0.36 -0.11 0.64 0.01 -0.24 -0.11 381.72 0.00 -0.75 -0.24
54.2987 -0.36 0.01 0.51 0.01 -0.11 -0.24 380.25 0.00 -0.50 -0.11
54.3915 -0.36 -0.11 0.51 0.14 -0.24 -0.11 381.23 0.00 -0.63 -0.24
54.4878 -0.36 -0.11 0.51 -0.11 -0.24 -0.11 381.23 0.00 -0.63 -0.24
54.5860 -0.36 0.01 0.51 0.01 -0.24 -0.24 381.23 0.00 -0.50 -0.24
54.6889 -0.36 -0.11 0.64 0.01 -0.24 -0.24 381.72 0.00 -0.75 -0.24
54.7846 -0.24 -0.11 0.51 0.01 -0.24 -0.11 381.72 0.00 -0.63 -0.24
54.8817 -0.36 -0.11 0.39 -0.11 -0.24 -0.24 381.72 0.00 -0.50 -0.24
54.9803 -0.36 -0.11 0.51 -0.11 -0.24 -0.24 379.77 0.00 -0.63 -0.24
55.0790 -0.36 -0.11 0.51 0.01 -0.11 -0.24 376.34 0.00 -0.63 -0.11
55.1783 -0.36 -0.11 0.64 0.01 -0.24 -0.11 371.46 0.00 -0.75 -0.24
55.2732 -0.36 -0.11 0.51 0.01 -0.11 -0.24 366.08 0.00 -0.63 -0.11
55.3717 -0.36 -0.11 0.51 0.14 -0.11 -0.11 360.22 0.00 -0.63 -0.11
55.4686 -0.61 -0.11 0.51 0.01 -0.11 -0.24 355.82 0.00 -0.63 -0.11
55.5622 -0.36 -0.11 0.39 0.01 -0.11 -0.24 348.48 0.00 -0.50 -0.11
55.6774 -0.36 -0.11 0.51 0.14 -0.24 -0.24 340.18 0.00 -0.63 -0.24
55.7761 -0.24 -0.11 0.51 0.01 -0.11 -0.24 334.80 0.00 -0.63 -0.11
55.8736 -0.36 -0.11 0.39 0.01 -0.24 -0.36 327.47 0.00 -0.50 -0.24
55.9727 -0.36 -0.11 0.51 0.01 -0.11 -0.24 321.60 0.00 -0.63 -0.11
56.0751 -0.36 -0.11 0.64 0.01 -0.11 -0.24 314.76 0.00 -0.75 -0.11
56.1710 -0.36 -0.11 0.51 0.01 -0.11 -0.24 308.41 0.00 -0.63 -0.11
56.2683 -0.24 -0.11 0.39 0.14 -0.11 -0.24 302.05 0.00 -0.50 -0.11
56.3662 -0.36 -0.11 0.51 0.01 -0.24 -0.36 297.17 0.00 -0.63 -0.24
56.4722 -0.36 -0.11 0.51 0.01 -0.11 -0.24 289.83 0.00 -0.63 -0.11
56.5702 -0.36 -0.11 0.51 0.01 -0.11 -0.24 283.48 0.00 -0.63 -0.11
56.6703 -0.36 -0.11 0.64 0.01 -0.24 -0.24 278.10 0.00 -0.75 -0.24
56.7704 -0.36 -0.11 0.51 0.14 -0.24 -0.24 273.22 0.00 -0.63 -0.24
56.8700 -0.36 -0.11 0.51 0.01 -0.11 -0.24 267.35 0.00 -0.63 -0.11
56.9674 -0.24 -0.11 0.51 0.01 -0.24 -0.24 262.46 0.00 -0.63 -0.24
57.0646 -0.24 -0.11 0.51 0.14 -0.24 -0.11 257.58 0.00 -0.63 -0.24
57.1624 -0.36 0.01 0.51 0.01 -0.11 -0.11 252.69 0.00 -0.50 -0.11
57.2626 -0.36 -0.11 0.39 0.01 -0.24 -0.24 247.80 0.00 -0.50 -0.24
57.3603 -0.24 -0.11 0.51 0.14 -0.11 -0.24 244.38 0.00 -0.63 -0.11
57.4595 -0.61 -0.11 0.64 0.14 -0.11 -0.24 238.51 0.00 -0.75 -0.11
57.5512 -0.36 -0.11 0.51 0.01 -0.24 -0.24 235.58 0.00 -0.63 -0.24
57.6432 -0.24 -0.11 0.51 0.01 -0.11 -0.24 230.21 0.00 -0.63 -0.11
57.7452 -0.36 -0.11 0.51 0.01 -0.24 -0.24 225.81 0.00 -0.63 -0.24
57.8463 -0.36 -0.11 0.51 0.01 -0.24 -0.36 221.90 0.00 -0.63 -0.24
57.9469 -0.36 -0.11 0.51 0.01 -0.24 -0.24 217.01 0.00 -0.63 -0.24
58.0499 -0.24 -0.11 0.51 0.01 -0.24 -0.24 212.61 0.00 -0.63 -0.24
58.1518 -0.24 -0.11 0.51 0.01 -0.11 -0.24 210.17 0.00 -0.63 -0.11
58.2472 -0.36 -0.11 0.51 0.01 -0.11 -0.11 205.77 0.00 -0.63 -0.11
58.3480 -0.36 -0.11 0.64 0.01 -0.11 -0.24 201.86 0.00 -0.75 -0.11
58.4417 -0.36 -0.11 0.39 0.14 -0.11 -0.24 198.44 0.00 -0.50 -0.11
58.5383 -0.36 -0.24 0.51 0.01 -0.11 -0.24 193.06 0.00 -0.75 -0.11
58.6325 -0.36 -0.11 0.51 0.01 -0.11 -0.24 191.59 0.00 -0.63 -0.11
58.7291 -0.24 -0.11 0.51 0.01 -0.24 -0.11 188.66 0.00 -0.63 -0.24
58.8264 -0.24 -0.11 0.51 0.01 -0.11 -0.24 185.24 0.00 -0.63 -0.11
58.9238 -0.36 -0.11 0.51 0.01 -0.24 -0.11 181.82 0.00 -0.63 -0.24
59.0231 -0.36 -0.11 0.51 0.01 -0.11 -0.24 177.42 0.00 -0.63 -0.11
59.1176 -0.61 -0.11 0.51 0.01 -0.11 -0.11 175.46 0.00 -0.63 -0.11
59.2115 -0.36 -0.11 0.51 0.01 -0.11 -0.24 172.04 0.00 -0.63 -0.11
