time[sec] P_G1 [KPa] P_D1 [KPa] P_S1 [KPa] P_G2 [KPa] P_D2 [KPa] P_Act [KPa] Q1 [M^3/s] Q2 [M^3/s] P_DS1 [KPa] P_DS2 [KPa]
10 05 19 18:54:48
21.9476 1.26 -0.63 -0.22 0.80 0.87 0.46 1.40 4.89 -0.41 0.87
51.9371 8.32 7.14 -0.22 0.78 0.89 0.48 0.00 6.28 7.36 0.89
81.9432 15.31 16.84 -0.24 0.78 0.87 0.42 3.05 2.44 17.08 0.87
112.2048 22.77 20.61 -0.24 0.84 0.86 0.43 4.28 0.00 20.85 0.86
141.4561 30.31 31.23 -0.21 0.83 0.83 0.47 3.67 0.00 31.44 0.83
time[sec] P_G1 [KPa] P_D1 [KPa] P_S1 [KPa] P_G2 [KPa] P_D2 [KPa] P_Act [KPa] Q1 [M^3/s] Q2 [M^3/s] P_DS1 [KPa] P_DS2 [KPa]
10 05 19 18:58:11
21.4544 1.04 0.45 0.12 0.84 0.89 0.53 1.22 15.88 0.33 0.89
51.9552 8.15 9.83 0.10 0.82 0.83 0.42 4.19 10.47 9.72 0.83
82.8377 15.36 18.06 0.05 0.81 0.85 0.51 0.00 10.32 18.00 0.85
111.9567 22.61 21.91 -0.01 0.82 0.89 0.48 0.00 13.27 21.91 0.89
142.4438 29.95 31.73 -0.16 0.84 0.86 0.42 4.28 0.00 31.89 0.86
time[sec] P_G1 [KPa] P_D1 [KPa] P_S1 [KPa] P_G2 [KPa] P_D2 [KPa] P_Act [KPa] Q1 [M^3/s] Q2 [M^3/s] P_DS1 [KPa] P_DS2 [KPa]
10 05 19 19:01:44
22.9483 0.03 4.31 1.26 0.78 0.76 0.45 16.29 4.07 3.04 0.76
51.9484 6.97 10.38 1.16 0.82 0.87 0.35 9.08 4.89 9.22 0.87
81.4489 14.21 19.06 0.79 0.84 0.84 0.45 2.44 0.00 18.27 0.84
111.7044 21.75 21.55 0.65 0.79 0.86 0.54 4.28 6.11 20.90 0.86
141.9503 29.07 32.18 0.01 0.79 0.81 0.33 0.00 1.83 32.17 0.81
time[sec] P_G1 [KPa] P_D1 [KPa] P_S1 [KPa] P_G2 [KPa] P_D2 [KPa] P_Act [KPa] Q1 [M^3/s] Q2 [M^3/s] P_DS1 [KPa] P_DS2 [KPa]
10 05 19 19:04:38
22.4539 0.47 6.97 2.19 0.75 0.84 0.47 0.00 2.44 4.79 0.84
51.9466 7.60 10.38 2.05 0.84 0.83 0.40 3.67 7.33 8.34 0.83
81.9519 14.53 19.41 1.36 0.81 0.83 0.40 11.00 0.00 18.05 0.83
111.9538 22.00 22.75 1.01 0.82 0.85 0.41 0.00 0.00 21.74 0.85
141.9405 29.70 32.51 0.01 0.76 0.85 0.39 4.19 8.38 32.50 0.85
time[sec] P_G1 [KPa] P_D1 [KPa] P_S1 [KPa] P_G2 [KPa] P_D2 [KPa] P_Act [KPa] Q1 [M^3/s] Q2 [M^3/s] P_DS1 [KPa] P_DS2 [KPa]
10 05 19 19:07:32
22.6871 20.49 8.08 2.56 0.76 0.81 0.40 1.22 3.05 5.52 0.81
51.9603 7.58 9.87 2.39 0.75 0.79 0.40 1.09 0.00 7.48 0.79
81.9541 19.46 19.53 1.39 0.73 0.78 0.39 0.00 0.00 18.14 0.78
111.4530 25.13 22.60 0.98 0.73 0.79 0.40 0.00 0.61 21.61 0.79
142.1925 21.63 31.79 -0.13 0.76 0.78 0.43 2.44 0.00 31.92 0.78
