time[sec] P_G1 [KPa] P_D1 [KPa] P_S1 [KPa] P_G2 [KPa] P_D2 [KPa] P_Act [KPa] Q1 [M^3/s] Q2 [M^3/s] P_DS1 [KPa] P_DS2 [KPa]
10 11 19 12:53:24
21.9476 0.83 1.30 0.46 0.55 1.09 0.55 74.71 4.19 0.84 1.09
51.9517 8.00 8.85 0.54 0.56 1.12 0.51 73.92 11.00 8.30 1.12
82.2061 15.01 19.67 0.43 0.58 1.08 0.53 75.15 5.50 19.24 1.08
111.9623 20.89 23.32 0.53 0.53 1.03 0.42 73.31 2.79 22.79 1.03
141.4512 29.04 27.84 0.50 0.50 1.04 0.43 69.65 5.50 27.34 1.04
0.0000 0.00 0.00 0.00 0.00 0.00 0.00 0.00 0.00 0.00 0.00
0.0000 0.00 0.00 0.00 0.00 0.00 0.00 0.00 0.00 0.00 0.00
0.0000 0.00 0.00 0.00 0.00 0.00 0.00 0.00 0.00 0.00 0.00
0.0000 0.00 0.00 0.00 0.00 0.00 0.00 0.00 0.00 0.00 0.00
time[sec] P_G1 [KPa] P_D1 [KPa] P_S1 [KPa] P_G2 [KPa] P_D2 [KPa] P_Act [KPa] Q1 [M^3/s] Q2 [M^3/s] P_DS1 [KPa] P_DS2 [KPa]
10 11 19 12:59:08
21.9529 -0.95 12.15 2.43 -0.17 0.37 -0.18 748.50 30.72 9.72 0.37
51.9520 7.97 11.68 1.39 -0.20 0.32 -0.24 702.42 0.70 10.30 0.32
81.7120 15.87 16.42 1.30 -0.21 0.36 -0.24 695.26 0.00 15.12 0.36
112.6968 20.97 26.85 1.03 -0.17 0.39 -0.27 665.32 0.00 25.82 0.39
141.1960 28.70 31.01 0.84 -0.17 0.36 -0.25 623.17 0.00 30.17 0.36
0.0000 0.00 0.00 0.00 0.00 0.00 0.00 0.00 0.00 0.00 0.00
0.0000 0.00 0.00 0.00 0.00 0.00 0.00 0.00 0.00 0.00 0.00
0.0000 0.00 0.00 0.00 0.00 0.00 0.00 0.00 0.00 0.00 0.00
0.0000 0.00 0.00 0.00 0.00 0.00 0.00 0.00 0.00 0.00 0.00
