time[sec] P_G1 [Psi] P_D1 [Psi] P_S1 [Psi] P_G2 [Psi] P_D2 [Psi] P_Act [Psi] Q1 [ml/min] Q2 [ml/min] P_DS1 [Psi] P_DS2 [Psi]
10 30 19 21:43:32
22.1662 0.51 63.26 0.22 0.72 1.08 0.35 17.92 17.92 63.03 1.08
51.1864 9.30 63.06 0.22 0.72 1.09 0.34 9.16 15.88 62.84 1.09
81.9356 16.46 63.24 0.19 0.73 1.12 0.33 9.78 12.57 63.04 1.12
111.9513 23.29 62.04 0.28 0.73 1.10 0.35 11.17 13.96 61.76 1.10
142.4519 30.59 60.59 0.20 0.76 1.11 0.36 11.61 23.22 60.39 1.11
0.0000 0.00 0.00 0.00 0.00 0.00 0.00 0.00 0.00 0.00 0.00
0.0000 0.00 0.00 0.00 0.00 0.00 0.00 0.00 0.00 0.00 0.00
0.0000 0.00 0.00 0.00 0.00 0.00 0.00 0.00 0.00 0.00 0.00
0.0000 0.00 0.00 0.00 0.00 0.00 0.00 0.00 0.00 0.00 0.00
time[sec] P_G1 [Psi] P_D1 [Psi] P_S1 [Psi] P_G2 [Psi] P_D2 [Psi] P_Act [Psi] Q1 [ml/min] Q2 [ml/min] P_DS1 [Psi] P_DS2 [Psi]
10 30 19 21:48:03
21.9513 0.55 7.86 0.98 0.75 1.09 0.35 676.58 17.46 6.88 1.09
51.9539 9.34 9.50 1.01 0.73 1.10 0.37 672.39 10.47 8.49 1.10
81.9283 16.39 21.00 0.98 0.76 1.14 0.35 647.26 9.78 20.02 1.14
111.7022 23.88 72.61 0.25 0.76 1.11 0.37 18.94 14.05 72.37 1.11
141.9332 30.83 72.49 0.26 0.75 1.12 0.37 11.87 10.47 72.23 1.12
0.0000 0.00 0.00 0.00 0.00 0.00 0.00 0.00 0.00 0.00 0.00
0.0000 0.00 0.00 0.00 0.00 0.00 0.00 0.00 0.00 0.00 0.00
0.0000 0.00 0.00 0.00 0.00 0.00 0.00 0.00 0.00 0.00 0.00
0.0000 0.00 0.00 0.00 0.00 0.00 0.00 0.00 0.00 0.00 0.00
time[sec] P_G1 [Psi] P_D1 [Psi] P_S1 [Psi] P_G2 [Psi] P_D2 [Psi] P_Act [Psi] Q1 [ml/min] Q2 [ml/min] P_DS1 [Psi] P_DS2 [Psi]
10 30 19 21:52:37
21.9425 2.32 28.27 4.12 0.75 1.14 0.37 1926.41 10.47 24.15 1.14
51.7255 8.99 27.54 3.96 0.72 1.11 0.36 1974.58 13.58 23.58 1.11
82.6983 16.51 27.40 4.02 0.76 1.15 0.31 1985.58 11.61 23.38 1.15
111.7321 23.91 26.44 3.74 0.68 1.10 0.32 2016.40 13.03 22.70 1.10
141.9499 31.24 66.29 0.21 0.64 1.05 0.25 740.12 13.96 66.08 1.05
0.0000 0.00 0.00 0.00 0.00 0.00 0.00 0.00 0.00 0.00 0.00
0.0000 0.00 0.00 0.00 0.00 0.00 0.00 0.00 0.00 0.00 0.00
0.0000 0.00 0.00 0.00 0.00 0.00 0.00 0.00 0.00 0.00 0.00
0.0000 0.00 0.00 0.00 0.00 0.00 0.00 0.00 0.00 0.00 0.00
