time[sec] P_G1 [KPa] P_D1 [KPa] P_S1 [KPa] P_G2 [KPa] P_D2 [KPa] P_Act [KPa] Q1 [M^3/s] Q2 [M^3/s] P_DS1 [KPa] P_DS2 [KPa]
10 06 19 15:47:31
21.4531 -0.36 -0.74 -0.44 1.06 0.67 0.58 7.94 11.00 -0.30 0.67
52.1993 6.63 6.72 -0.39 1.09 0.64 0.53 0.61 10.39 7.12 0.64
81.7290 14.01 16.53 -0.40 1.11 0.67 0.57 0.00 9.78 16.93 0.67
111.9468 21.35 20.73 -0.45 1.12 0.66 0.53 2.09 0.70 21.18 0.66
141.9416 28.74 28.27 -0.43 1.12 0.64 0.58 0.00 7.68 28.71 0.64
time[sec] P_G1 [KPa] P_D1 [KPa] P_S1 [KPa] P_G2 [KPa] P_D2 [KPa] P_Act [KPa] Q1 [M^3/s] Q2 [M^3/s] P_DS1 [KPa] P_DS2 [KPa]
10 06 19 15:52:34
21.9566 -0.22 0.06 -0.24 0.81 0.37 0.15 424.61 15.27 0.30 0.37
51.6962 6.86 9.54 -0.25 0.86 0.40 0.18 327.47 1.83 9.79 0.40
82.1766 13.86 17.53 -0.31 0.78 0.39 0.17 152.60 2.72 17.84 0.39
112.4656 21.33 21.72 -0.36 0.76 0.39 0.11 48.26 11.00 22.08 0.39
141.9506 28.81 29.42 -0.49 0.76 0.39 0.12 0.00 1.40 29.90 0.39
time[sec] P_G1 [KPa] P_D1 [KPa] P_S1 [KPa] P_G2 [KPa] P_D2 [KPa] P_Act [KPa] Q1 [M^3/s] Q2 [M^3/s] P_DS1 [KPa] P_DS2 [KPa]
10 06 19 15:59:16
21.9626 -0.20 3.55 0.80 0.67 0.30 0.08 1825.86 11.87 2.75 0.30
52.7022 6.63 9.79 0.64 0.70 0.36 0.08 1653.84 5.50 9.15 0.36
81.7081 14.21 18.62 0.25 0.73 0.34 0.11 1235.34 10.39 18.38 0.34
111.4430 21.53 21.36 0.12 0.78 0.31 0.11 1029.45 9.16 21.24 0.31
141.9534 28.77 29.47 -0.45 0.75 0.32 0.07 2.79 15.36 29.92 0.32
time[sec] P_G1 [KPa] P_D1 [KPa] P_S1 [KPa] P_G2 [KPa] P_D2 [KPa] P_Act [KPa] Q1 [M^3/s] Q2 [M^3/s] P_DS1 [KPa] P_DS2 [KPa]
10 06 19 16:02:44
22.7070 -0.22 6.39 1.81 0.70 0.36 0.03 2647.85 3.67 4.58 0.36
51.9573 6.73 10.11 1.57 0.71 0.28 0.01 2482.20 0.00 8.54 0.28
81.4548 13.98 19.05 0.75 0.72 0.34 0.04 1816.35 15.27 18.30 0.34
111.4500 21.33 21.46 0.47 0.76 0.29 0.08 1482.16 6.11 20.99 0.29
141.4553 28.65 29.31 -0.47 0.76 0.29 0.09 5.50 0.00 29.78 0.29
time[sec] P_G1 [KPa] P_D1 [KPa] P_S1 [KPa] P_G2 [KPa] P_D2 [KPa] P_Act [KPa] Q1 [M^3/s] Q2 [M^3/s] P_DS1 [KPa] P_DS2 [KPa]
10 06 19 16:06:55
21.9432 -0.29 8.40 2.55 0.76 0.35 0.07 3521.16 0.70 5.84 0.35
51.2071 6.49 9.51 2.44 0.75 0.34 0.09 3443.30 0.00 7.07 0.34
81.9580 14.03 19.26 1.03 0.73 0.35 0.12 2559.70 0.00 18.23 0.35
111.4443 21.41 21.69 0.48 0.75 0.37 0.09 2141.37 1.83 21.21 0.37
142.4505 27.70 28.09 -0.49 0.78 0.39 0.08 380.62 7.33 28.57 0.39
