time[sec] V_G1 [V] V_D1 [V] V_S1 [V] V_G2 [V] V_D2 [V] V_Act [V] Q1 [ml/min] Q2 [ml/min]
02 13 20 12:13:20
0.0000 0.53 0.50 0.51 0.96 2.02 1.51 0.00 4.48
0.7670 0.53 0.50 0.50 0.74 1.85 1.80 0.00 4.27
1.1050 0.53 0.51 0.50 0.63 1.53 1.11 0.00 4.07
1.4530 0.53 0.50 0.51 0.61 1.00 1.14 0.00 3.53
1.7460 0.53 0.51 0.51 0.67 1.72 1.70 0.00 3.80
2.1010 0.53 0.50 0.51 0.64 1.63 1.13 0.01 3.55
2.4510 0.53 0.50 0.51 0.63 1.18 1.00 0.00 3.03
2.7760 0.53 0.50 0.51 1.04 0.96 1.02 0.00 3.02
3.1420 0.54 0.51 0.50 1.00 0.98 1.84 0.00 3.29
3.4560 0.53 0.51 0.51 0.84 1.43 1.56 0.00 3.21
3.7820 0.54 0.50 0.50 0.67 1.66 1.98 0.00 3.30
4.0880 0.53 0.51 0.50 0.70 1.57 1.16 0.00 2.96
4.4450 0.53 0.49 0.50 0.61 1.69 1.11 0.00 3.07
4.7660 0.53 0.50 0.51 1.01 1.69 1.53 0.00 3.19
5.0860 0.53 0.50 0.50 1.01 1.57 1.88 0.00 3.08
5.3830 0.53 0.51 0.51 0.60 1.55 1.86 0.00 2.77
5.7120 0.53 0.50 0.50 1.02 0.85 1.02 0.02 2.71
6.0290 0.53 0.51 0.50 0.68 0.89 1.10 0.02 3.01
6.3120 0.53 0.51 0.50 0.72 0.95 1.13 0.00 3.00
6.6520 0.53 0.50 0.51 0.71 0.98 1.78 0.00 2.98
6.9700 0.53 0.50 0.50 1.12 0.84 0.95 0.00 2.62
7.2950 0.53 0.51 0.51 1.11 1.03 1.62 0.00 2.97
7.6560 0.52 0.51 0.50 0.99 1.08 0.96 0.00 2.70
7.9300 0.53 0.50 0.50 0.69 0.95 1.07 0.02 2.70
8.2100 0.53 0.51 0.50 0.72 1.72 1.20 0.00 2.70
8.5350 0.53 0.51 0.50 0.95 0.98 1.73 0.00 2.68
8.8320 0.53 0.50 0.50 0.67 0.86 1.06 0.00 2.88
9.1550 0.53 0.51 0.50 0.72 0.96 1.12 0.00 2.69
9.4750 0.53 0.50 0.50 1.12 1.65 1.94 0.00 2.85
9.7690 0.53 0.51 0.50 1.03 0.88 1.84 0.00 2.85
10.1220 0.53 0.50 0.50 0.71 1.52 1.04 0.00 2.47
10.4290 0.53 0.50 0.50 0.91 1.22 1.16 0.00 2.83
10.7720 0.53 0.50 0.50 0.65 0.98 1.83 0.00 2.82
11.0890 0.53 0.51 0.51 0.70 1.56 1.83 0.00 2.53
11.4640 0.54 0.50 0.50 0.95 0.83 1.62 0.00 2.48
11.7660 0.54 0.51 0.51 0.70 1.14 1.78 0.01 2.68
12.0520 0.53 0.51 0.50 0.81 0.98 1.12 0.00 2.31
12.3790 0.53 0.50 0.50 1.08 0.84 1.83 0.00 2.67
12.6560 0.52 0.50 0.50 1.12 0.87 1.36 0.00 2.46
12.9940 0.53 0.50 0.51 0.72 1.62 1.81 0.00 2.68
13.3350 0.53 0.50 0.50 0.63 1.56 1.07 0.00 2.40
13.6640 0.53 0.51 0.51 0.96 0.98 1.11 0.00 2.42
13.9610 0.53 0.51 0.51 0.74 0.96 1.14 0.00 2.38
14.2600 0.53 0.51 0.51 1.01 1.51 1.51 0.00 2.68
14.6340 0.53 0.51 0.50 1.06 1.64 1.10 0.00 2.66
14.9700 0.53 0.51 0.50 0.90 1.75 1.92 0.00 2.77
15.2880 0.53 0.50 0.50 0.60 0.95 1.77 0.00 2.72
15.6130 0.53 0.50 0.50 0.70 1.45 1.99 0.02 2.49
15.9080 0.53 0.50 0.50 0.61 0.85 1.41 0.00 2.65
16.2030 0.53 0.50 0.50 1.08 1.57 1.14 0.00 2.69
16.5110 0.53 0.51 0.50 0.71 0.95 1.11 0.00 2.46
16.8170 0.53 0.51 0.50 1.04 1.22 1.89 0.00 2.86
17.1710 0.53 0.51 0.50 0.97 1.12 1.89 0.00 2.86
17.4720 0.53 0.51 0.51 1.09 0.84 1.59 0.00 2.83
17.8070 0.53 0.51 0.50 0.80 1.23 1.20 0.00 2.68
18.1260 0.53 0.50 0.50 1.09 1.65 1.96 0.00 2.79
18.4230 0.53 0.50 0.51 1.02 1.56 1.71 0.00 2.67
18.7260 0.53 0.50 0.50 0.60 0.84 1.08 0.00 2.64
19.0240 0.53 0.50 0.50 1.10 1.63 1.90 0.00 2.35
19.3380 0.53 0.50 0.50 0.79 1.57 1.16 0.01 2.73
19.7130 0.53 0.50 0.50 0.63 0.99 1.08 0.00 2.36
20.0290 0.53 0.50 0.50 1.10 1.73 1.21 0.00 2.36
20.3450 0.52 0.50 0.51 1.04 1.02 1.14 0.00 2.39
20.6770 0.53 0.51 0.50 1.10 1.69 1.96 0.00 2.52
20.9940 0.53 0.50 0.51 0.94 1.31 1.43 0.00 2.72
21.3090 0.53 0.50 0.50 0.78 1.59 1.83 0.00 2.69
21.6050 0.53 0.51 0.50 1.01 1.18 1.59 0.00 2.54
21.9600 0.53 0.50 0.51 0.84 0.83 1.04 0.00 2.71
22.2580 0.53 0.51 0.50 1.10 1.64 1.74 0.00 2.36
22.5500 0.53 0.51 0.50 0.81 0.96 1.81 0.00 2.35
22.9210 0.53 0.50 0.50 0.68 1.53 1.10 0.00 2.71
23.2560 0.53 0.50 0.50 0.62 1.64 1.80 0.00 2.48
23.6010 0.53 0.51 0.51 0.62 0.89 1.13 0.00 2.36
23.9130 0.53 0.50 0.50 1.10 1.69 1.63 0.00 2.36
24.2610 0.52 0.50 0.50 0.62 1.07 1.15 0.00 2.42
24.6000 0.53 0.51 0.50 0.68 0.97 1.20 0.00 2.34
24.8960 0.53 0.50 0.51 0.84 1.21 1.18 0.00 2.72
25.2530 0.53 0.51 0.50 1.08 1.74 1.91 0.00 2.37
25.5970 0.53 0.50 0.50 1.03 0.91 1.19 0.00 2.39
25.9280 0.53 0.51 0.50 0.82 1.64 1.29 0.00 2.70
26.2330 0.53 0.50 0.50 0.63 1.67 1.61 0.00 2.60
26.5750 0.53 0.50 0.50 0.60 1.60 1.87 0.00 2.69
26.8530 0.53 0.50 0.50 0.57 1.19 1.76 0.00 2.67
27.1580 0.53 0.51 0.50 1.03 0.82 1.74 0.00 2.67
27.4730 0.53 0.50 0.51 0.84 0.76 1.36 0.00 2.68
27.7960 0.53 0.50 0.50 0.74 0.94 1.02 0.00 2.63
28.0920 0.53 0.50 0.50 0.74 1.72 1.63 0.00 2.36
28.4810 0.53 0.50 0.50 0.64 0.94 1.23 0.00 2.64
28.7760 0.53 0.50 0.50 1.10 1.62 1.94 0.00 2.71
29.0700 0.52 0.50 0.51 0.60 0.86 1.51 0.00 2.33
29.3810 0.53 0.50 0.51 0.68 1.54 1.79 0.00 2.71
29.6700 0.52 0.50 0.50 1.02 0.82 0.98 0.00 2.68
29.9540 0.53 0.52 0.50 1.10 1.59 1.45 0.00 2.40
30.2510 0.53 0.51 0.50 1.01 0.99 1.80 0.00 2.65
30.5900 0.53 0.50 0.50 0.68 1.48 1.96 0.00 2.31
30.9320 0.53 0.50 0.51 0.64 0.86 1.25 0.00 2.29
31.2470 0.54 0.50 0.50 0.70 0.97 1.32 0.00 2.32
31.5790 0.64 0.52 0.50 1.11 1.63 1.88 0.00 2.68
31.8700 0.70 0.55 0.50 0.65 1.15 1.05 0.00 2.65
32.2070 0.73 0.58 0.50 1.08 1.64 1.79 0.00 2.69
32.5220 0.74 0.58 0.50 0.66 1.31 1.23 0.00 2.61
32.8360 0.75 0.60 0.51 1.04 1.61 1.81 0.00 2.51
33.1590 0.76 0.60 0.51 1.00 1.54 1.95 0.00 2.67
33.4530 0.76 0.61 0.51 0.57 0.80 0.98 0.00 2.25
33.7290 0.77 0.62 0.51 0.66 1.60 1.86 0.00 2.63
34.0210 0.77 0.62 0.50 1.01 1.55 1.86 0.00 2.57
34.3180 0.78 0.63 0.51 0.57 0.81 0.96 0.00 2.31
34.6170 0.78 0.63 0.51 0.73 1.59 1.67 0.00 2.30
34.9510 0.79 0.65 0.51 0.62 0.92 1.18 0.00 2.64
35.2380 0.79 0.63 0.50 1.04 1.60 1.73 0.00 2.64
35.5390 0.80 0.65 0.50 1.04 1.58 1.08 0.01 2.38
35.8270 0.80 0.66 0.51 0.61 1.57 1.47 0.00 2.26
36.1170 0.80 0.66 0.50 0.58 1.60 1.90 0.00 2.38
36.4600 0.81 0.65 0.50 0.61 1.18 1.92 0.00 2.63
36.7590 0.81 0.67 0.50 1.03 1.00 1.04 0.00 2.24
37.0310 0.81 0.66 0.50 0.66 0.88 1.41 0.00 2.62
37.3510 0.80 0.66 0.50 1.10 1.60 1.87 0.00 2.61
37.6560 0.81 0.67 0.50 0.80 1.58 1.83 0.00 2.62
37.9440 0.81 0.67 0.50 0.82 1.32 1.43 0.00 2.25
38.2330 0.80 0.66 0.50 0.59 1.61 1.75 0.00 2.61
38.5200 0.80 0.66 0.51 0.96 0.87 1.11 0.01 2.48
38.8170 0.81 0.66 0.50 0.95 0.95 1.86 0.00 2.67
39.1530 0.81 0.67 0.50 0.68 0.80 0.96 0.00 2.26
39.4440 0.78 0.67 0.50 0.71 0.94 1.11 0.00 2.34
39.7270 0.81 0.67 0.50 1.13 1.66 1.96 0.00 2.58
40.0360 0.80 0.67 0.50 0.88 1.12 1.13 0.00 2.24
40.3320 0.80 0.67 0.49 0.86 1.24 1.52 0.00 2.24
40.6130 0.81 0.67 0.50 1.09 1.50 1.57 0.00 2.61
40.9030 0.81 0.67 0.50 0.60 1.57 1.96 0.00 2.61
41.1890 0.80 0.66 0.51 1.00 0.95 1.89 0.00 2.58
41.4870 0.80 0.67 0.51 0.85 1.49 1.74 0.00 2.59
41.7880 0.80 0.67 0.50 0.82 0.78 0.99 0.00 2.21
42.0790 0.80 0.67 0.50 0.77 0.97 1.72 0.00 2.55
42.3560 0.80 0.67 0.50 1.11 1.61 1.96 0.02 2.22
42.6810 0.80 0.67 0.50 1.02 1.56 1.95 0.00 2.54
42.9890 0.80 0.67 0.50 1.04 0.79 1.49 0.00 2.56
43.3540 0.80 0.67 0.51 0.93 0.81 1.16 0.00 2.16
43.6660 0.81 0.67 0.51 1.09 0.95 1.02 0.00 2.17
43.9950 0.81 0.67 0.50 0.94 1.59 1.54 0.00 2.56
44.2910 0.80 0.67 0.50 0.63 0.91 1.85 0.00 2.43
44.6600 0.80 0.67 0.51 0.69 1.56 1.32 0.00 2.29
44.9810 0.80 0.67 0.50 0.61 1.67 1.93 0.03 2.61
45.2860 0.80 0.67 0.51 0.81 1.57 1.88 0.01 2.37
45.6100 0.81 0.67 0.50 1.01 1.54 1.27 0.00 2.39
45.8960 0.81 0.66 0.51 1.01 1.64 1.95 0.00 2.43
46.1990 0.81 0.67 0.50 0.67 0.87 1.91 0.00 2.35
46.5040 0.81 0.67 0.50 0.67 0.88 1.18 0.00 2.64
46.8080 0.81 0.67 0.51 1.08 0.86 1.88 0.00 2.68
47.1200 0.80 0.67 0.50 0.74 0.84 1.08 0.00 2.63
47.4160 0.80 0.67 0.50 1.12 0.93 0.96 0.00 2.27
47.7310 0.81 0.67 0.51 0.88 1.72 1.90 0.00 2.32
48.0270 0.80 0.67 0.50 1.01 1.44 1.49 0.00 2.29
48.3320 0.81 0.67 0.50 1.03 1.60 1.70 0.00 2.66
48.6890 0.80 0.67 0.50 0.60 1.07 1.98 0.00 2.64
48.9900 0.80 0.68 0.50 1.05 1.48 1.85 0.00 2.64
49.2860 0.80 0.67 0.50 1.03 1.52 1.72 0.00 2.45
49.6340 0.81 0.67 0.50 0.61 0.85 0.97 0.00 2.23
49.9440 0.80 0.67 0.50 0.85 1.61 1.83 0.00 2.55
50.2640 0.80 0.67 0.50 0.64 0.85 1.11 0.00 2.26
50.5800 0.80 0.67 0.50 0.68 0.93 1.09 0.00 2.28
50.8800 0.80 0.68 0.50 0.81 1.67 1.95 0.00 2.28
51.1950 0.80 0.67 0.50 0.63 0.86 1.45 0.00 2.53
51.5510 0.80 0.67 0.50 1.09 1.15 1.10 0.00 2.23
51.8710 0.80 0.67 0.50 0.68 0.96 1.14 0.00 2.63
52.1780 0.80 0.67 0.50 0.70 0.97 1.86 0.00 2.61
52.4720 0.80 0.67 0.50 0.70 0.82 1.02 0.00 2.60
52.7710 0.80 0.67 0.50 1.17 1.63 1.19 0.00 2.21
53.1100 0.80 0.67 0.51 0.61 1.00 1.87 0.00 2.59
53.4040 0.81 0.67 0.50 0.69 1.59 1.89 0.00 2.61
53.7410 0.80 0.67 0.50 0.80 1.55 1.00 0.00 2.49
54.0670 0.80 0.67 0.51 1.01 1.53 1.56 0.00 2.66
54.3690 0.81 0.67 0.50 1.02 0.95 1.47 0.00 2.33
54.6760 0.80 0.67 0.50 1.08 0.92 1.14 0.00 2.63
55.0230 0.80 0.67 0.50 1.12 1.52 1.90 0.00 2.28
55.3430 0.80 0.67 0.50 0.62 1.37 1.52 0.00 2.23
55.6160 0.80 0.67 0.50 0.61 0.88 1.17 0.00 2.41
55.9020 0.80 0.67 0.51 0.73 0.93 1.14 0.00 2.28
56.2290 0.80 0.67 0.51 0.95 0.98 1.96 0.00 2.66
56.5690 0.80 0.67 0.50 0.78 0.91 1.24 0.00 2.64
56.8880 0.80 0.67 0.50 0.73 0.99 1.34 0.00 2.60
57.1730 0.80 0.67 0.50 1.06 1.62 1.96 0.00 2.60
57.4710 0.80 0.67 0.50 0.64 0.88 1.18 0.00 2.61
57.7600 0.80 0.67 0.50 1.13 1.61 1.62 0.00 2.38
58.0650 0.80 0.67 0.50 1.02 1.07 1.06 0.00 2.36
58.4260 0.80 0.66 0.50 0.84 1.67 1.81 0.00 2.40
58.7920 0.80 0.67 0.50 0.64 1.50 1.92 0.00 2.35
59.1120 0.80 0.67 0.50 0.62 1.57 1.64 0.00 2.46
59.4480 0.81 0.66 0.51 0.61 1.61 1.95 0.00 2.57
59.7820 0.80 0.67 0.50 0.83 1.04 1.57 0.00 2.71
60.0870 0.80 0.67 0.50 1.05 0.81 0.96 0.00 2.38
60.4000 0.79 0.67 0.51 0.71 0.93 0.97 0.00 2.33
60.6920 0.80 0.66 0.51 0.70 1.20 1.16 0.00 2.61
61.0390 0.88 0.79 0.50 1.10 1.00 1.40 0.00 2.66
61.3200 0.97 0.96 0.51 0.69 0.99 1.72 0.00 2.30
61.6770 0.99 1.01 0.50 1.11 0.83 1.14 0.00 2.27
61.9950 0.99 1.02 0.51 1.13 1.35 1.38 0.00 2.28
62.2970 1.00 1.03 0.50 0.65 0.91 1.05 0.00 2.64
62.6030 1.01 1.05 0.50 1.11 0.96 1.03 0.00 2.48
62.9060 1.02 1.06 0.50 1.09 0.92 1.41 0.00 2.27
63.2090 1.02 1.06 0.50 0.84 1.24 1.48 0.00 2.60
63.4890 1.02 1.07 0.51 1.07 1.57 1.77 0.00 2.61
63.8010 1.03 1.07 0.51 0.64 0.83 1.42 0.02 2.20
64.0940 1.03 1.08 0.50 0.67 1.60 1.82 0.01 2.26
64.4120 1.04 1.09 0.50 1.01 1.54 1.78 0.00 2.60
64.6940 1.05 1.10 0.50 0.62 0.86 1.26 0.00 2.50
64.9890 1.05 1.09 0.50 0.91 1.48 1.51 0.00 2.27
65.2960 1.05 1.10 0.50 1.03 0.89 1.89 0.00 2.62
65.5840 1.05 1.11 0.51 1.10 0.86 0.99 0.00 2.37
65.8900 1.05 1.11 0.50 0.70 0.93 1.09 0.00 2.30
66.1900 1.05 1.12 0.50 1.00 1.67 1.97 0.00 2.34
66.5300 1.05 1.11 0.50 0.68 0.83 1.17 0.00 2.61
66.8560 1.06 1.12 0.50 1.09 1.52 1.55 0.00 2.23
67.1280 1.05 1.12 0.50 0.77 1.64 1.25 0.00 2.61
67.4180 1.06 1.12 0.50 1.06 0.95 1.95 0.00 2.64
67.7690 1.06 1.12 0.50 1.06 0.84 1.78 0.00 2.66
68.0680 1.06 1.12 0.50 0.92 0.93 0.92 0.00 2.24
68.3450 1.05 1.11 0.50 1.10 1.54 1.15 0.01 2.58
68.6380 1.06 1.11 0.50 0.63 0.97 1.97 0.00 2.24
68.9820 1.05 1.12 0.50 0.68 1.60 1.99 0.00 2.59
69.2680 1.05 1.12 0.51 0.65 0.77 1.80 0.00 2.58
69.5700 1.05 1.11 0.51 0.77 1.00 1.75 0.00 2.61
69.8990 1.05 1.12 0.51 1.10 0.81 1.06 0.00 2.27
70.2070 1.06 1.11 0.50 1.12 1.10 1.59 0.00 2.24
70.5120 1.06 1.11 0.50 1.10 0.84 1.17 0.00 2.56
70.8040 1.05 1.11 0.50 0.77 1.68 1.83 0.00 2.62
71.1540 1.05 1.12 0.50 0.74 1.21 1.83 0.00 2.54
71.5220 1.05 1.11 0.50 0.65 0.87 1.06 0.00 2.31
71.8220 1.05 1.12 0.50 0.68 0.90 1.01 0.01 2.64
72.1180 1.05 1.11 0.51 0.92 1.68 1.91 0.00 2.64
72.4240 1.05 1.11 0.50 0.75 0.86 1.03 0.00 2.27
72.7330 1.05 1.11 0.51 0.67 0.96 1.01 0.00 2.26
72.9950 1.05 1.12 0.50 1.10 1.62 1.73 0.00 2.26
73.3080 1.05 1.12 0.50 1.01 1.56 1.23 0.00 2.60
73.6030 1.05 1.11 0.50 0.61 1.09 1.41 0.00 2.62
73.9280 1.05 1.11 0.50 0.83 1.45 1.96 0.00 2.61
74.2180 1.05 1.11 0.50 0.61 1.51 1.68 0.00 2.53
74.5460 1.05 1.11 0.50 0.62 0.86 1.79 0.00 2.28
74.8610 1.05 1.11 0.51 1.13 1.14 1.30 0.00 2.40
75.1550 1.05 1.11 0.50 1.06 0.93 1.23 0.00 2.22
75.4400 1.05 1.11 0.51 0.89 1.08 0.99 0.00 2.20
75.7090 1.05 1.11 0.51 0.72 0.99 1.53 0.00 2.25
76.0060 1.05 1.11 0.50 0.70 1.65 1.20 0.00 2.59
76.3690 1.05 1.11 0.50 0.63 1.69 1.89 0.01 2.49
76.6960 1.05 1.11 0.50 0.64 1.18 1.69 0.00 2.37
77.0310 1.05 1.11 0.50 1.04 1.54 1.80 0.00 2.65
77.3140 1.05 1.11 0.51 0.59 0.94 1.05 0.00 2.64
77.6170 1.05 1.10 0.50 0.73 0.84 0.87 0.00 2.23
77.8900 1.05 1.11 0.50 1.10 0.96 1.76 0.00 2.24
78.2080 1.05 1.11 0.51 0.71 0.87 1.09 0.00 2.54
78.5370 1.05 1.11 0.50 1.12 0.97 1.11 0.00 2.72
78.8310 1.05 1.11 0.51 0.79 0.99 1.03 0.00 2.39
79.1220 1.05 1.11 0.50 1.13 1.61 1.65 0.01 2.44
79.4280 1.05 1.11 0.51 0.64 1.62 1.23 0.00 2.32
79.7360 1.05 1.11 0.51 0.57 0.98 1.65 0.00 2.56
80.0170 1.05 1.11 0.51 0.66 1.02 1.73 0.00 2.19
80.3260 1.05 1.11 0.51 0.70 1.31 1.68 0.00 2.26
80.6600 1.05 1.11 0.50 0.63 1.54 1.91 0.00 2.21
80.9590 1.05 1.11 0.50 1.01 0.79 1.44 0.00 2.55
81.3050 1.05 1.11 0.51 1.00 0.85 1.15 0.00 2.21
81.5880 1.04 1.11 0.50 1.12 0.98 1.39 0.00 2.50
81.8830 1.05 1.11 0.50 0.68 1.64 1.94 0.00 2.57
82.1990 1.04 1.10 0.50 1.04 1.62 1.90 0.00 2.76
82.4960 1.05 1.11 0.50 0.68 1.57 1.91 0.00 2.30
82.7920 1.05 1.11 0.51 0.96 1.19 1.16 0.00 2.50
83.0950 1.05 1.10 0.51 0.88 1.49 1.09 0.00 2.28
83.3900 1.05 1.10 0.50 0.60 1.74 1.47 0.00 2.43
83.6930 1.05 1.10 0.50 0.57 0.96 1.09 0.00 2.24
83.9820 1.05 1.11 0.50 1.07 1.67 1.95 0.00 2.63
84.2800 1.04 1.11 0.50 0.60 0.94 1.70 0.00 2.59
84.5850 1.05 1.10 0.50 1.06 1.51 1.86 0.00 2.59
84.8790 1.04 1.10 0.50 0.59 1.37 1.68 0.00 2.24
85.2040 1.04 1.10 0.50 0.62 0.86 1.14 0.00 2.36
85.5010 1.04 1.10 0.50 0.67 0.93 1.88 0.00 2.59
85.7970 1.04 1.11 0.51 0.68 0.93 1.72 0.00 2.61
86.1110 1.04 1.10 0.51 1.10 1.53 1.98 0.00 2.58
86.4310 1.05 1.10 0.50 1.02 1.34 1.80 0.00 2.21
86.7370 1.05 1.10 0.50 1.03 1.52 1.89 0.00 2.60
87.0600 1.05 1.11 0.50 0.99 1.49 1.80 0.00 2.34
87.3430 1.05 1.10 0.50 0.58 0.78 0.99 0.00 2.62
87.6630 1.04 1.10 0.51 0.66 0.88 0.95 0.00 2.23
87.9400 1.04 1.11 0.51 0.71 0.95 1.09 0.00 2.24
88.2510 1.05 1.10 0.50 0.89 1.66 1.81 0.00 2.60
88.5790 1.04 1.10 0.50 0.65 1.57 1.05 0.00 2.23
88.8560 1.05 1.11 0.50 0.62 0.95 1.14 0.00 2.23
89.1520 1.05 1.10 0.50 1.08 0.95 1.12 0.00 2.24
89.4540 1.04 1.10 0.50 0.99 1.63 1.21 0.00 2.62
89.7770 1.05 1.10 0.51 1.01 1.67 1.81 0.01 2.21
90.0370 1.05 1.10 0.51 0.58 0.90 1.51 0.00 2.62
90.3290 1.04 1.10 0.50 0.80 0.83 1.08 0.00 2.56
90.6440 1.05 1.10 0.50 1.11 1.60 1.78 0.00 2.59
90.9480 1.12 1.22 0.50 1.04 0.87 1.08 0.00 2.25
91.2700 1.18 1.30 0.50 1.09 1.04 1.29 0.00 2.66
91.5950 1.20 1.33 0.50 1.08 1.59 1.40 0.00 2.65
91.8940 1.21 1.35 0.50 0.60 0.98 1.23 0.00 2.51
92.1950 1.22 1.36 0.51 0.66 0.92 0.95 0.00 2.57
92.4980 1.22 1.37 0.50 0.98 0.92 1.10 0.00 2.24
92.8060 1.23 1.38 0.50 1.16 1.21 1.11 0.00 2.60
93.1120 1.24 1.38 0.50 0.67 0.94 0.99 0.00 2.58
93.4320 1.24 1.39 0.50 0.70 0.95 1.07 0.00 2.62
93.7450 1.25 1.40 0.50 1.02 1.30 1.17 0.00 2.62
94.0570 1.25 1.41 0.51 0.70 1.69 1.93 0.00 2.63
94.3420 1.26 1.41 0.51 0.66 1.13 1.63 0.01 2.60
94.6070 1.26 1.41 0.50 0.95 1.22 1.36 0.00 2.58
94.8960 1.27 1.43 0.50 0.97 1.58 1.02 0.00 2.24
95.1760 1.27 1.42 0.50 0.64 1.11 1.09 0.00 2.59
95.5180 1.27 1.43 0.50 0.65 0.92 1.13 0.00 2.59
95.8120 1.28 1.43 0.51 1.11 1.69 1.81 0.00 2.54
96.1420 1.28 1.44 0.50 1.01 1.57 1.83 0.00 2.62
96.4600 1.28 1.44 0.51 0.98 1.51 1.59 0.00 2.24
96.7690 1.28 1.44 0.50 0.65 1.24 1.77 0.00 2.58
97.0970 1.29 1.45 0.51 0.62 0.86 1.00 0.00 2.21
97.3860 1.29 1.45 0.50 0.66 0.93 1.83 0.00 2.19
97.6900 1.28 1.45 0.51 0.72 1.58 1.89 0.00 2.19
97.9850 1.29 1.45 0.50 0.64 1.38 1.21 0.00 2.47
98.2780 1.29 1.46 0.51 0.59 0.93 1.82 0.00 2.55
98.5590 1.30 1.45 0.50 1.06 1.52 1.34 0.00 2.29
98.8420 1.29 1.44 0.50 0.59 0.86 0.96 0.00 2.27
99.1390 1.29 1.45 0.50 0.91 1.03 1.94 0.00 2.23
99.4200 1.29 1.46 0.50 0.66 0.85 1.17 0.00 2.21
99.7220 1.29 1.46 0.50 0.84 0.88 1.08 0.00 2.60
99.9980 1.29 1.46 0.50 1.08 1.70 1.88 0.00 2.55
100.2970 1.29 1.45 0.50 1.00 1.53 1.83 0.00 2.54
100.5740 1.29 1.46 0.50 0.98 1.51 1.86 0.00 2.18
100.8820 1.29 1.46 0.50 0.97 1.51 2.01 0.00 2.51
101.1620 1.29 1.46 0.50 1.01 1.48 1.67 0.02 2.17
101.4530 1.29 1.45 0.50 1.03 0.83 1.39 0.00 2.18
101.7470 1.29 1.45 0.50 1.08 1.55 1.37 0.00 2.16
102.0380 1.28 1.45 0.50 1.01 1.62 2.02 0.00 2.54
102.3440 1.29 1.45 0.51 1.00 1.56 1.87 0.00 2.22
102.6670 1.28 1.45 0.50 0.95 0.80 1.03 0.00 2.53
102.9430 1.29 1.45 0.50 0.90 1.65 1.51 0.00 2.36
103.2110 1.29 1.45 0.51 0.87 1.47 1.41 0.00 2.52
103.5070 1.29 1.45 0.51 0.95 0.87 1.02 0.00 2.30
103.7960 1.29 1.45 0.50 0.94 1.64 1.83 0.00 2.15
104.0820 1.29 1.45 0.50 0.66 1.07 1.78 0.00 2.52
104.3730 1.28 1.45 0.50 0.63 0.77 0.96 0.00 2.51
104.6680 1.29 1.45 0.51 1.16 1.64 1.18 0.00 2.56
105.0260 1.29 1.45 0.51 1.04 1.01 0.99 0.00 2.56
105.3700 1.29 1.45 0.51 1.08 1.31 1.48 0.00 2.36
105.6860 1.29 1.45 0.51 0.82 0.92 1.53 0.00 2.23
105.9980 1.28 1.45 0.51 0.81 0.86 1.13 0.00 2.28
106.2850 1.28 1.45 0.51 1.09 1.62 2.02 0.00 2.55
106.5750 1.29 1.45 0.50 0.87 1.31 1.86 0.02 2.16
106.8650 1.29 1.45 0.51 0.99 1.21 1.24 0.00 2.35
107.1700 1.29 1.45 0.51 0.65 1.56 1.85 0.00 2.58
107.4890 1.28 1.45 0.50 0.75 0.78 1.09 0.00 2.57
107.8060 1.29 1.46 0.51 0.73 1.63 1.25 0.00 2.59
108.1410 1.29 1.45 0.50 0.63 0.93 1.85 0.00 2.23
108.4510 1.28 1.45 0.50 0.66 0.87 1.19 0.00 2.41
108.7620 1.28 1.45 0.50 1.10 0.94 1.13 0.00 2.19
109.0450 1.28 1.45 0.51 0.75 1.59 1.56 0.00 2.58
109.3710 1.29 1.45 0.51 0.61 0.89 1.10 0.00 2.17
109.6500 1.28 1.45 0.50 0.88 1.55 1.57 0.00 2.53
109.9560 1.28 1.45 0.50 0.61 1.16 1.93 0.00 2.26
110.2440 1.28 1.45 0.51 0.86 1.00 1.79 0.00 2.30
110.5700 1.28 1.45 0.50 0.66 0.82 1.14 0.00 2.56
110.9090 1.29 1.45 0.50 0.82 1.59 1.88 0.00 2.39
111.1690 1.29 1.44 0.50 0.59 0.82 1.82 0.00 2.22
111.4630 1.28 1.45 0.50 0.74 0.79 1.94 0.00 2.56
111.7380 1.28 1.44 0.50 0.70 1.52 1.84 0.00 2.52
112.0700 1.29 1.45 0.51 0.63 0.86 1.78 0.00 2.59
112.4230 1.28 1.45 0.51 1.01 1.56 1.80 0.00 2.61
112.7210 1.29 1.45 0.50 1.00 0.80 1.02 0.00 2.52
113.0190 1.28 1.45 0.51 0.68 1.42 1.37 0.00 2.25
113.3190 1.29 1.44 0.50 0.60 0.85 0.90 0.00 2.08
113.6330 1.28 1.45 0.51 1.09 1.63 1.87 0.03 2.51
113.9430 1.28 1.44 0.50 0.75 1.48 1.57 0.00 2.23
114.2460 1.28 1.44 0.51 0.61 0.89 1.90 0.00 2.45
114.5590 1.28 1.44 0.51 1.07 0.84 1.95 0.00 2.41
114.8850 1.28 1.44 0.50 1.18 1.59 1.97 0.00 2.44
115.2350 1.28 1.44 0.50 1.02 1.54 1.19 0.00 2.62
115.5360 1.28 1.44 0.50 1.02 1.37 1.08 0.00 2.26
115.8270 1.28 1.45 0.51 0.60 1.06 1.20 0.00 2.23
116.1320 1.28 1.44 0.50 0.66 1.04 1.11 0.00 2.64
116.4360 1.28 1.45 0.50 1.07 0.95 1.89 0.00 2.65
116.7550 1.28 1.43 0.50 1.12 1.60 1.29 0.00 2.35
117.0670 1.28 1.44 0.51 0.62 0.97 1.17 0.01 2.38
117.3730 1.28 1.44 0.50 0.71 0.95 1.12 0.00 2.40
117.6920 1.27 1.44 0.50 0.79 1.08 1.57 0.00 2.45
118.0180 1.28 1.45 0.50 0.95 1.55 1.89 0.00 2.27
118.3320 1.28 1.45 0.50 1.02 1.52 1.22 0.00 2.38
118.6250 1.28 1.44 0.50 0.88 1.33 1.77 0.00 2.59
118.9230 1.28 1.44 0.50 0.74 1.58 1.82 0.00 2.24
119.2480 1.28 1.44 0.50 0.61 1.57 1.07 0.00 2.27
119.6280 1.28 1.44 0.50 1.03 1.69 1.96 0.00 2.61
119.9700 1.28 1.45 0.51 0.98 0.86 1.02 0.00 2.25
120.2780 1.28 1.45 0.51 0.86 0.92 1.20 0.00 2.58
120.5680 1.28 1.45 0.51 0.76 0.92 1.80 0.00 2.58
120.9100 1.28 1.45 0.50 0.71 1.29 1.36 0.00 2.28
121.2150 1.38 1.55 0.50 0.86 1.00 2.01 0.00 2.25
121.5110 1.41 1.60 0.50 0.69 0.96 1.57 0.00 2.52
121.7910 1.44 1.62 0.51 1.10 0.79 1.77 0.02 2.58
122.1040 1.46 1.66 0.50 1.10 1.42 1.12 0.00 2.42
122.4070 1.46 1.67 0.49 0.66 1.15 1.08 0.00 2.61
122.7000 1.48 1.67 0.50 1.10 1.65 1.19 0.00 2.22
123.0130 1.48 1.68 0.50 1.04 1.73 1.87 0.01 2.50
123.3330 1.49 1.69 0.50 0.98 1.55 1.10 0.00 2.27
123.6480 1.49 1.69 0.51 0.57 0.97 1.13 0.00 2.28
123.9410 1.49 1.70 0.50 1.13 1.57 1.49 0.00 2.62
124.2600 1.51 1.70 0.50 0.65 0.91 1.01 0.02 2.24
124.5750 1.51 1.70 0.50 0.67 0.96 1.82 0.00 2.61
124.8870 1.51 1.71 0.50 0.73 0.87 1.29 0.00 2.61
125.2020 1.52 1.72 0.50 1.09 1.51 1.13 0.02 2.23
125.5130 1.52 1.72 0.50 0.67 1.28 1.07 0.00 2.37
125.8590 1.52 1.71 0.50 0.69 0.99 1.00 0.00 2.60
126.1820 1.52 1.72 0.50 0.95 0.91 1.06 0.00 2.49
126.4490 1.52 1.72 0.50 1.09 0.94 1.76 0.00 2.27
126.7800 1.53 1.72 0.50 0.77 0.84 1.82 0.00 2.25
127.1130 1.53 1.73 0.50 1.14 1.15 1.84 0.03 2.47
127.4160 1.53 1.73 0.50 1.03 1.01 0.97 0.00 2.11
127.6810 1.54 1.73 0.50 0.90 0.98 1.36 0.00 2.12
127.9910 1.53 1.73 0.50 0.77 0.85 0.90 0.00 2.45
128.2720 1.54 1.74 0.50 1.13 1.66 1.84 0.00 2.11
128.5920 1.54 1.73 0.50 1.05 1.56 1.97 0.00 2.23
128.8910 1.54 1.74 0.50 0.83 1.49 1.77 0.00 2.49
129.1660 1.53 1.73 0.50 0.76 0.94 1.44 0.00 2.28
129.4710 1.53 1.73 0.51 1.06 1.54 1.74 0.00 2.22
129.7620 1.53 1.74 0.50 0.81 0.92 1.96 0.00 2.24
130.0910 1.53 1.73 0.51 0.85 1.56 2.05 0.00 2.62
130.3700 1.53 1.73 0.50 0.71 1.13 1.75 0.00 2.24
130.6610 1.54 1.73 0.50 0.62 0.81 0.98 0.00 2.24
130.9590 1.53 1.73 0.50 0.93 1.65 1.08 0.00 2.25
131.2450 1.53 1.73 0.51 1.07 1.55 1.67 0.00 2.59
131.5530 1.53 1.74 0.50 1.04 0.88 1.07 0.00 2.19
131.8250 1.53 1.73 0.50 1.06 1.28 1.63 0.00 2.58
132.1650 1.53 1.73 0.50 0.68 1.51 2.07 0.00 2.60
132.5000 1.53 1.73 0.50 0.58 1.50 1.41 0.01 2.63
132.8180 1.53 1.73 0.51 1.06 1.42 1.15 0.00 2.21
133.1410 1.53 1.73 0.50 1.01 1.65 1.86 0.00 2.52
133.4310 1.53 1.73 0.50 1.02 1.56 1.09 0.00 2.59
133.7610 1.53 1.73 0.51 0.62 0.92 0.97 0.00 2.56
134.0370 1.54 1.71 0.50 0.73 1.74 1.90 0.00 2.26
134.3330 1.53 1.73 0.51 0.80 1.61 2.01 0.00 2.44
134.6640 1.53 1.73 0.50 0.54 1.47 1.07 0.00 2.57
134.9680 1.53 1.73 0.50 0.61 1.68 1.83 0.00 2.65
135.3170 1.53 1.73 0.49 0.62 0.89 1.02 0.00 2.66
135.6160 1.53 1.73 0.50 0.71 1.70 1.66 0.00 2.64
135.9500 1.53 1.73 0.50 1.04 1.66 1.14 0.00 2.62
136.3200 1.53 1.74 0.50 0.58 1.44 1.59 0.00 2.64
136.6320 1.53 1.73 0.50 1.01 1.62 1.88 0.00 2.21
136.9080 1.53 1.73 0.50 1.00 1.52 1.23 0.00 2.51
137.2020 1.53 1.73 0.50 0.96 1.61 1.77 0.00 2.15
137.5030 1.54 1.72 0.51 0.92 1.19 1.01 0.00 2.49
137.8300 1.54 1.71 0.50 0.62 1.13 1.73 0.00 2.48
138.1190 1.54 1.73 0.51 0.65 0.92 1.21 0.01 2.13
138.4400 1.55 1.73 0.50 1.11 1.50 1.65 0.00 2.50
138.7360 1.55 1.73 0.50 0.82 0.81 0.90 0.00 2.21
139.0270 1.54 1.72 0.50 0.90 1.67 1.13 0.02 2.24
139.3050 1.53 1.73 0.50 0.66 0.96 1.08 0.00 2.55
139.6010 1.54 1.73 0.50 1.12 0.97 1.12 0.00 2.20
139.9070 1.54 1.72 0.50 1.09 1.69 1.96 0.00 2.27
140.2400 1.54 1.73 0.50 0.87 1.61 1.90 0.00 2.27
140.5610 1.55 1.72 0.50 0.55 1.53 1.98 0.00 2.59
140.8520 1.53 1.73 0.50 0.56 0.81 1.11 0.00 2.58
141.1360 1.54 1.73 0.51 0.67 1.49 1.47 0.00 2.20
141.4730 1.54 1.73 0.50 0.62 1.62 1.84 0.00 2.25
141.8050 1.54 1.73 0.51 0.98 0.85 1.93 0.00 2.63
142.1310 1.54 1.73 0.50 1.11 0.79 0.92 0.00 2.59
142.4010 1.54 1.73 0.50 0.87 1.58 1.96 0.00 2.60
142.6820 1.55 1.73 0.50 0.66 0.94 1.29 0.00 2.35
143.0100 1.54 1.72 0.50 1.11 1.34 0.94 0.00 2.31
143.2910 1.54 1.73 0.50 1.05 1.67 1.90 0.00 2.65
143.5810 1.54 1.73 0.50 0.65 0.84 1.03 0.00 2.30
143.8640 1.54 1.73 0.51 0.68 0.93 1.09 0.02 2.26
144.2030 1.55 1.73 0.50 1.09 1.04 1.93 0.00 2.23
144.5260 1.53 1.72 0.50 1.10 0.86 1.27 0.00 2.56
144.8340 1.54 1.72 0.50 0.76 0.89 1.83 0.00 2.49
145.1290 1.53 1.73 0.50 1.14 1.51 1.83 0.00 2.16
145.4240 1.53 1.73 0.50 1.05 1.48 1.29 0.00 2.10
145.7260 1.53 1.72 0.50 0.82 1.56 1.95 0.00 2.41
146.0320 1.54 1.73 0.51 1.00 0.81 1.05 0.00 2.16
146.3860 1.54 1.72 0.50 1.09 1.61 2.01 0.00 2.54
146.7000 1.54 1.72 0.51 0.65 0.80 1.34 0.00 2.22
147.0040 1.54 1.73 0.50 1.09 1.59 1.99 0.00 2.58
147.3460 1.53 1.73 0.50 0.63 0.83 1.03 0.00 2.57
147.6480 1.53 1.73 0.50 0.67 0.94 1.12 0.00 2.56
147.9500 1.53 1.73 0.50 0.75 1.64 1.15 0.00 2.19
148.2890 1.53 1.72 0.50 0.66 1.77 1.96 0.00 2.52
148.6260 1.54 1.73 0.50 0.77 0.83 1.00 0.00 2.22
148.9040 1.53 1.72 0.50 1.07 1.34 1.22 0.00 2.25
149.2230 1.54 1.73 0.50 1.04 0.98 1.16 0.02 2.66
149.5630 1.53 1.72 0.51 1.09 1.66 1.73 0.00 2.66
149.8790 1.53 1.73 0.50 0.69 0.83 0.94 0.00 2.27
150.1890 1.53 1.73 0.50 1.14 1.62 1.88 0.00 2.62
150.4830 1.54 1.73 0.50 0.71 0.80 0.94 0.00 2.55
150.7600 1.54 1.73 0.50 0.81 0.93 1.07 0.00 2.52
151.1170 1.61 1.77 0.50 1.14 1.69 1.14 0.00 2.22
151.4200 1.66 1.78 0.50 0.67 1.17 1.49 0.00 2.25
151.7350 1.68 1.79 0.51 1.06 1.70 2.04 0.00 2.38
152.0580 1.70 1.79 0.50 0.63 0.88 1.74 0.00 2.22
152.3490 1.72 1.79 0.50 0.66 0.87 1.34 0.00 2.44
152.6820 1.72 1.80 0.50 0.71 0.90 1.45 0.00 2.55
152.9600 1.72 1.80 0.50 1.13 1.49 1.52 0.00 2.52
153.2590 1.74 1.80 0.50 0.85 1.14 1.43 0.00 2.17
153.5560 1.74 1.80 0.51 0.66 0.88 1.00 0.00 2.27
153.8510 1.73 1.80 0.50 0.71 1.68 1.15 0.00 2.20
154.1710 1.74 1.81 0.50 1.06 1.67 1.86 0.00 2.53
154.4760 1.75 1.82 0.50 0.65 0.85 0.96 0.00 2.17
154.8040 1.76 1.83 0.50 1.12 1.67 1.91 0.00 2.22
155.1230 1.75 1.83 0.50 0.60 0.93 1.43 0.00 2.61
155.4300 1.76 1.83 0.51 1.09 1.34 1.76 0.00 2.51
155.7090 1.76 1.83 0.50 0.91 1.58 1.87 0.00 2.24
156.0070 1.76 1.83 0.50 0.58 0.78 0.95 0.00 2.59
156.3460 1.77 1.83 0.50 0.70 0.90 1.73 0.00 2.33
156.6410 1.76 1.83 0.50 1.09 0.84 1.38 0.00 2.21
157.0030 1.78 1.83 0.50 0.74 0.89 0.93 0.00 2.54
157.3400 1.78 1.84 0.50 1.13 1.46 1.79 0.00 2.63
157.6450 1.77 1.83 0.50 0.66 0.89 1.04 0.00 2.26
157.9670 1.78 1.84 0.50 1.11 1.70 1.80 0.00 2.61
158.2620 1.76 1.83 0.50 0.66 0.90 1.10 0.00 2.29
158.6700 1.78 1.83 0.50 1.12 1.65 1.80 0.00 2.46
158.9560 1.78 1.84 0.50 0.59 1.64 1.93 0.00 2.35
159.2830 1.78 1.83 0.50 1.02 1.53 1.87 0.00 2.61
159.5930 1.79 1.84 0.50 1.03 0.82 1.77 0.00 2.21
159.9010 1.77 1.83 0.50 1.01 1.22 1.27 0.00 2.61
160.2470 1.74 1.83 0.50 0.67 0.91 1.71 0.00 2.20
160.5170 1.74 1.83 0.50 1.12 1.53 1.81 0.00 2.32
160.8320 1.74 1.82 0.50 1.01 1.56 1.63 0.00 2.21
161.1680 1.75 1.82 0.50 1.05 0.90 1.15 0.00 2.21
161.4830 1.73 1.82 0.50 1.10 1.67 1.90 0.00 2.37
161.8060 1.74 1.82 0.50 0.63 0.84 1.03 0.00 2.23
162.1020 1.74 1.82 0.50 1.12 1.63 1.14 0.00 2.63
162.4380 1.74 1.82 0.50 1.06 1.47 1.80 0.00 2.26
162.7700 1.74 1.83 0.50 0.64 0.87 1.11 0.00 2.23
163.0680 1.74 1.82 0.50 0.71 1.53 1.54 0.00 2.59
163.3770 1.74 1.82 0.51 0.89 0.88 1.91 0.00 2.64
163.7250 1.74 1.82 0.50 0.71 0.83 1.06 0.00 2.43
164.0240 1.74 1.82 0.50 0.90 1.67 1.95 0.00 2.22
164.3310 1.74 1.82 0.50 1.00 0.81 1.14 0.00 2.57
164.6260 1.74 1.82 0.50 0.98 1.17 1.00 0.00 2.50
164.9290 1.74 1.83 0.50 0.69 1.67 1.78 0.00 2.47
165.2370 1.74 1.82 0.51 0.63 0.87 1.98 0.00 2.25
165.5650 1.74 1.81 0.50 1.08 0.84 1.45 0.00 2.64
165.9090 1.74 1.81 0.50 1.05 0.98 1.06 0.00 2.29
166.2310 1.75 1.82 0.51 0.85 0.93 1.09 0.00 2.45
166.5780 1.74 1.82 0.50 0.68 0.95 1.10 0.00 2.23
166.8820 1.74 1.82 0.50 1.15 1.66 1.96 0.00 2.63
167.2150 1.73 1.82 0.50 1.02 1.57 2.03 0.00 2.62
167.5270 1.74 1.81 0.50 0.98 1.46 1.86 0.00 2.20
167.8000 1.74 1.82 0.50 1.01 1.45 2.03 0.00 2.59
168.1110 1.74 1.82 0.50 1.02 1.47 1.84 0.00 2.59
168.4060 1.74 1.82 0.50 0.97 0.82 1.77 0.00 2.57
168.7230 1.74 1.82 0.50 0.97 1.29 0.97 0.00 2.58
169.0390 1.74 1.82 0.50 1.04 0.97 1.19 0.00 2.19
169.3320 1.74 1.81 0.51 0.70 1.23 1.64 0.00 2.27
169.6300 1.73 1.82 0.50 0.82 1.62 1.96 0.00 2.50
169.9540 1.74 1.81 0.50 0.82 0.85 1.83 0.00 2.60
170.2360 1.74 1.82 0.50 0.70 0.81 1.03 0.00 2.40
170.5520 1.74 1.81 0.50 0.71 0.97 1.32 0.00 2.65
170.8930 1.74 1.81 0.50 0.68 1.68 1.80 0.00 2.62
171.1920 1.74 1.82 0.51 0.80 1.47 1.88 0.00 2.63
171.4740 1.74 1.81 0.50 0.65 0.89 1.53 0.00 2.60
171.7560 1.74 1.81 0.50 0.72 1.18 1.71 0.02 2.58
172.0890 1.74 1.81 0.50 1.10 0.86 1.11 0.00 2.19
172.3980 1.74 1.81 0.50 0.68 0.90 1.90 0.00 2.19
172.6820 1.74 1.81 0.50 0.70 1.47 1.98 0.00 2.61
173.0470 1.74 1.81 0.50 0.90 0.79 1.19 0.00 2.21
173.3470 1.74 1.81 0.50 1.13 1.29 1.89 0.00 2.62
173.7220 1.74 1.82 0.50 0.98 1.52 2.00 0.00 2.45
174.0360 1.74 1.81 0.51 1.04 1.52 1.77 0.00 2.63
174.3230 1.74 1.81 0.50 0.98 1.55 1.83 0.00 2.61
174.6350 1.74 1.81 0.51 0.91 1.20 1.94 0.00 2.23
174.9620 1.74 1.81 0.50 0.93 1.51 1.95 0.00 2.36
175.2780 1.74 1.81 0.50 1.04 1.55 2.04 0.00 2.61
175.5710 1.74 1.81 0.50 0.61 0.82 1.53 0.00 2.54
175.8590 1.74 1.81 0.50 0.71 1.54 1.10 0.00 2.53
176.1740 1.73 1.82 0.50 0.64 1.62 1.77 0.00 2.55
176.4720 1.74 1.81 0.50 0.57 0.90 1.16 0.00 2.38
176.7840 1.74 1.81 0.50 0.65 0.89 1.21 0.00 2.14
177.0790 1.74 1.82 0.49 1.12 1.01 1.09 0.00 2.14
177.3800 1.74 1.81 0.50 1.02 1.67 1.16 0.00 2.18
177.6980 1.74 1.81 0.51 0.93 0.97 1.17 0.01 2.21
177.9770 1.74 1.81 0.50 0.69 1.64 1.19 0.00 2.33
178.2760 1.74 1.81 0.50 0.99 1.70 1.13 0.00 2.09
178.5800 1.74 1.81 0.50 0.97 1.71 1.97 0.00 2.48
178.8670 1.74 1.81 0.50 0.95 1.55 1.87 0.00 2.24
179.1840 1.74 1.81 0.50 1.01 1.53 1.06 0.00 2.50
179.4900 1.74 1.81 0.50 0.61 0.93 1.28 0.00 2.15
179.7670 1.74 1.81 0.50 1.10 1.07 1.33 0.00 2.20
180.0590 1.74 1.82 0.50 0.98 0.88 1.99 0.00 2.62
180.4210 1.74 1.82 0.50 1.12 1.49 1.10 0.00 2.59
180.7220 1.74 1.81 0.50 1.03 1.58 1.22 0.00 2.27
181.0440 1.82 1.83 0.50 0.64 1.47 2.02 0.00 2.62
181.3620 1.86 1.84 0.51 0.67 1.51 1.12 0.00 2.23
181.6610 1.89 1.84 0.50 0.85 1.66 1.23 0.00 2.43
182.0000 1.89 1.84 0.50 0.98 1.20 1.79 0.00 2.61
182.2840 1.90 1.85 0.50 0.65 1.59 1.24 0.00 2.21
182.5890 1.91 1.86 0.50 0.58 0.93 1.13 0.01 2.36
182.8910 1.93 1.86 0.50 1.10 1.70 1.93 0.00 2.20
183.1770 1.94 1.86 0.50 0.97 0.81 1.11 0.00 2.60
183.4860 1.95 1.85 0.50 1.08 1.13 1.85 0.00 2.61
183.8340 1.96 1.86 0.50 0.70 0.84 1.86 0.00 2.59
184.1480 1.95 1.86 0.50 0.73 1.58 1.88 0.00 2.61
184.4720 1.95 1.86 0.50 1.05 1.56 1.07 0.00 2.24
184.7930 1.96 1.86 0.49 0.94 1.49 1.57 0.00 2.44
185.1070 1.96 1.87 0.50 1.06 0.93 1.82 0.00 2.60
185.4880 1.96 1.86 0.50 1.12 0.85 1.23 0.00 2.52
185.8160 1.96 1.87 0.50 0.73 0.94 1.07 0.00 2.22
186.1090 1.96 1.87 0.50 0.88 1.72 1.14 0.00 2.23
186.4590 1.96 1.87 0.50 0.97 1.71 1.96 0.00 2.60
186.7700 1.96 1.87 0.50 0.61 1.61 1.92 0.00 2.27
187.0910 1.96 1.87 0.50 1.02 1.47 2.05 0.00 2.58
187.3880 1.97 1.87 0.50 1.04 0.80 2.08 0.00 2.61
187.7360 1.97 1.86 0.51 0.92 1.50 1.88 0.00 2.63
188.0170 1.97 1.87 0.51 1.00 0.81 1.04 0.00 2.54
188.3540 1.97 1.86 0.50 1.12 1.40 1.15 0.00 2.64
188.6830 1.97 1.87 0.50 0.67 0.91 0.93 0.00 2.55
188.9890 1.97 1.86 0.50 1.13 1.22 1.79 0.00 2.61
189.3150 1.98 1.87 0.50 0.79 0.83 1.02 0.00 2.23
189.6090 1.97 1.86 0.50 0.68 0.94 1.21 0.00 2.59
189.9330 1.97 1.87 0.50 0.73 1.08 1.68 0.00 2.63
190.2820 1.98 1.87 0.50 0.92 1.14 1.28 0.00 2.29
190.5740 1.98 1.87 0.50 0.68 0.92 1.17 0.00 2.22
190.8770 1.98 1.86 0.50 0.67 1.36 1.14 0.00 2.26
191.1960 1.97 1.87 0.50 1.08 1.13 1.88 0.00 2.45
191.5310 1.98 1.87 0.50 0.71 1.06 1.01 0.00 2.62
191.8520 1.97 1.87 0.50 1.00 1.56 2.02 0.00 2.23
192.1300 1.98 1.86 0.50 1.04 1.52 1.85 0.00 2.60
192.4150 1.99 1.86 0.50 0.66 1.06 1.77 0.00 2.59
192.6870 1.98 1.86 0.50 0.67 1.25 1.21 0.00 2.55
192.9830 1.99 1.86 0.50 0.75 1.61 1.03 0.00 2.52
193.2530 2.00 1.87 0.51 0.97 1.33 1.43 0.00 2.59
193.5470 2.00 1.86 0.50 1.01 0.87 1.19 0.00 2.57
193.8190 2.00 1.86 0.51 0.67 0.87 1.04 0.00 2.21
194.1310 2.00 1.86 0.51 1.14 1.59 1.65 0.00 2.32
194.4300 2.00 1.86 0.50 0.99 1.22 1.26 0.00 2.21
194.7110 1.99 1.87 0.51 0.95 1.36 2.00 0.00 2.52
195.0040 2.00 1.87 0.50 1.05 1.54 1.89 0.00 2.55
195.2770 2.00 1.87 0.50 0.98 1.56 1.83 0.00 2.38
195.6130 1.99 1.87 0.50 1.00 1.51 1.06 0.00 2.44
195.8880 1.99 1.86 0.50 0.71 1.01 1.81 0.00 2.17
196.1920 1.99 1.86 0.50 0.67 0.86 1.86 0.00 2.50
196.5030 1.99 1.86 0.50 1.08 0.77 1.03 0.00 2.47
196.7850 2.00 1.86 0.50 0.72 1.32 1.75 0.00 2.10
197.0420 1.99 1.86 0.50 1.07 1.58 1.82 0.00 2.47
197.3300 1.99 1.86 0.50 0.74 1.46 1.59 0.00 2.44
197.6300 1.99 1.86 0.51 0.61 0.86 1.02 0.00 2.17
197.9220 2.00 1.87 0.50 0.69 0.90 1.16 0.00 2.23
198.2120 1.99 1.86 0.51 0.89 1.03 1.73 0.00 2.57
198.5370 1.99 1.86 0.50 1.13 1.63 1.91 0.00 2.56
198.8300 1.99 1.86 0.50 0.58 1.57 1.82 0.00 2.57
199.1130 2.00 1.86 0.51 0.97 1.44 1.13 0.00 2.18
199.3930 1.99 1.86 0.50 0.60 1.61 1.53 0.00 2.44
199.6790 1.99 1.86 0.50 0.56 1.44 1.84 0.00 2.61
199.9820 2.00 1.86 0.50 0.60 1.55 1.84 0.01 2.63
200.3320 1.99 1.86 0.50 0.61 1.50 1.19 0.00 2.23
200.6800 2.00 1.86 0.50 0.84 1.66 1.82 0.00 2.62
201.0150 2.00 1.86 0.50 0.88 1.54 1.30 0.00 2.38
201.3040 1.99 1.86 0.50 0.99 1.64 1.17 0.00 2.22
201.6080 1.99 1.86 0.51 0.62 0.99 1.91 0.00 2.23
201.9420 1.99 1.86 0.50 1.05 0.85 1.21 0.00 2.61
202.2500 1.99 1.86 0.51 0.67 1.19 1.75 0.00 2.59
202.5510 1.99 1.86 0.50 0.67 0.80 1.44 0.00 2.42
202.8440 1.99 1.86 0.50 0.77 0.87 1.09 0.00 2.32
203.1370 1.99 1.86 0.50 1.10 0.90 1.64 0.00 2.56
203.4500 1.99 1.86 0.50 1.10 0.83 0.95 0.00 2.17
203.7650 1.98 1.86 0.50 1.13 0.94 1.06 0.00 2.22
204.1060 1.98 1.86 0.50 1.15 1.65 1.19 0.00 2.61
204.3990 1.99 1.86 0.49 0.89 1.07 1.10 0.00 2.24
204.7030 1.99 1.86 0.50 0.68 1.01 1.15 0.00 2.25
205.0220 1.98 1.85 0.50 0.98 1.74 1.99 0.00 2.59
205.3120 1.99 1.86 0.50 0.91 0.80 1.17 0.00 2.24
205.6240 1.98 1.86 0.50 1.14 1.67 1.29 0.00 2.24
205.9570 1.99 1.85 0.50 1.01 1.69 1.92 0.00 2.22
206.2810 1.98 1.86 0.49 0.70 1.28 1.22 0.00 2.21
206.5870 1.98 1.86 0.50 0.68 1.12 0.99 0.00 2.30
206.9110 1.99 1.86 0.50 0.64 0.99 1.11 0.00 2.20
207.2230 1.98 1.86 0.50 1.12 1.66 1.81 0.00 2.54
207.4900 1.98 1.86 0.50 0.60 1.09 1.87 0.00 2.22
207.8100 1.98 1.86 0.50 0.62 0.78 1.77 0.02 2.58
208.0960 1.98 1.85 0.50 0.99 1.54 1.09 0.00 2.31
208.4200 1.97 1.85 0.50 0.60 1.64 1.21 0.00 2.56
208.7310 1.97 1.86 0.50 0.63 0.93 0.97 0.00 2.58
209.0610 1.98 1.86 0.50 0.99 1.42 1.09 0.00 2.52
209.3940 1.98 1.86 0.50 0.62 0.99 1.91 0.00 2.61
209.7190 1.98 1.86 0.50 0.67 0.83 1.23 0.00 2.33
210.0850 1.98 1.86 0.50 1.15 1.56 2.03 0.00 2.59
210.3870 1.99 1.86 0.51 1.04 1.30 1.90 0.00 2.22
210.6730 1.98 1.86 0.51 0.94 1.25 1.13 0.00 2.28
210.9770 2.01 1.86 0.50 0.79 1.46 1.11 0.00 2.32
211.3090 2.04 1.87 0.50 0.67 1.08 1.08 0.00 2.30
211.6080 2.05 1.87 0.50 0.70 0.96 1.11 0.00 2.27
211.9390 2.05 1.88 0.50 1.12 1.68 1.18 0.00 2.23
212.2400 2.06 1.88 0.50 1.05 0.99 1.16 0.00 2.32
212.5530 2.05 1.88 0.51 1.10 1.64 1.11 0.00 2.60
212.8330 2.05 1.88 0.50 0.60 1.04 1.15 0.00 2.45
213.1690 2.06 1.89 0.50 0.65 1.65 1.12 0.00 2.51
213.4900 2.06 1.88 0.50 1.04 1.02 1.87 0.00 2.61
213.8260 2.06 1.89 0.50 1.07 1.58 1.09 0.00 2.24
214.1870 2.06 1.89 0.50 0.62 1.12 1.08 0.00 2.18
214.4730 2.06 1.89 0.50 0.99 0.90 1.09 0.00 2.35
214.7760 2.05 1.89 0.50 1.10 1.63 1.82 0.00 2.51
215.0630 2.04 1.89 0.50 1.01 0.86 1.74 0.00 2.17
215.3860 2.06 1.89 0.50 0.85 1.23 1.88 0.00 2.57
215.7170 2.06 1.89 0.50 0.66 0.85 1.00 0.00 2.63
216.0130 2.06 1.89 0.50 1.11 1.61 1.77 0.00 2.61
216.3110 2.06 1.89 0.50 0.58 1.42 0.97 0.00 2.50
216.6110 2.06 1.89 0.50 1.07 0.97 1.93 0.00 2.62
216.9840 2.07 1.89 0.50 1.07 0.85 1.05 0.00 2.31
217.3400 2.06 1.89 0.51 1.14 1.58 1.52 0.00 2.38
217.6360 2.07 1.88 0.50 0.65 1.16 1.10 0.00 2.31
217.9860 2.06 1.89 0.50 1.03 1.67 1.99 0.00 2.37
218.3420 2.06 1.89 0.50 0.62 0.87 1.22 0.00 2.68
218.6240 2.07 1.89 0.50 0.78 1.31 1.30 0.00 2.28
218.9210 2.07 1.89 0.50 0.63 0.95 1.97 0.00 2.33
219.2680 2.06 1.89 0.50 0.70 1.22 1.94 0.00 2.66
219.5980 2.07 1.89 0.50 0.78 1.51 1.18 0.00 2.66
219.9460 2.07 1.89 0.51 1.06 1.64 1.11 0.02 2.61
220.2310 2.07 1.89 0.50 1.01 0.91 1.71 0.00 2.64
220.5590 2.07 1.89 0.50 0.78 0.86 1.73 0.00 2.37
220.8850 2.07 1.89 0.50 1.14 1.54 1.23 0.00 2.25
221.2190 2.06 1.89 0.50 0.61 0.97 1.17 0.00 2.62
221.5470 2.07 1.89 0.50 0.96 1.02 0.91 0.00 2.28
221.8580 2.07 1.89 0.50 0.71 1.69 1.92 0.01 2.64
222.1600 2.07 1.89 0.50 1.02 0.83 1.72 0.00 2.14
222.4230 2.07 1.89 0.50 1.08 1.52 1.77 0.00 2.41
222.7310 2.07 1.89 0.50 0.60 0.81 0.98 0.00 2.07
223.0330 2.07 1.89 0.50 1.10 1.48 1.83 0.00 2.13
223.3410 2.07 1.89 0.50 0.65 0.85 1.15 0.00 2.45
223.6670 2.07 1.89 0.50 0.69 0.89 1.07 0.00 2.14
223.9840 2.07 1.89 0.50 0.70 1.69 1.98 0.01 2.17
224.3220 2.07 1.89 0.50 1.00 0.91 1.14 0.00 2.35
224.6660 2.07 1.89 0.51 1.04 1.66 1.89 0.00 2.67
224.9560 2.07 1.89 0.50 0.56 0.86 1.02 0.00 2.34
225.2500 2.07 1.89 0.51 0.70 1.67 1.88 0.00 2.64
225.5490 2.07 1.89 0.50 0.62 0.84 1.24 0.00 2.58
225.8630 2.06 1.89 0.50 0.70 1.36 1.46 0.00 2.24
226.2040 2.06 1.89 0.50 0.68 1.66 1.20 0.00 2.39
226.5570 2.07 1.90 0.51 0.72 1.72 1.11 0.00 2.58
226.8870 2.07 1.89 0.51 1.05 1.55 1.08 0.00 2.80
227.2300 2.07 1.89 0.50 0.66 1.04 1.12 0.00 2.45
227.5540 2.07 1.89 0.50 0.70 1.03 1.17 0.02 2.75
227.8620 2.05 1.89 0.50 0.74 1.01 1.35 0.00 2.72
228.1570 2.07 1.90 0.51 0.86 1.26 1.03 0.00 2.32
228.4550 2.06 1.90 0.51 1.10 1.31 1.35 0.00 2.63
228.8410 2.07 1.89 0.50 1.06 1.54 1.15 0.00 2.30
229.1540 2.07 1.89 0.50 1.01 1.00 1.17 0.00 2.30
229.4820 2.07 1.89 0.50 0.71 0.95 1.95 0.00 2.42
229.8060 2.07 1.90 0.50 0.71 0.85 1.04 0.02 2.63
230.1130 2.07 1.90 0.50 1.06 1.59 1.87 0.00 2.42
230.4050 2.07 1.90 0.50 0.62 0.87 1.86 0.00 2.60
230.6910 2.08 1.90 0.50 1.07 1.24 1.85 0.00 2.55
230.9600 2.07 1.90 0.50 1.06 1.46 1.06 0.00 2.22
231.2560 2.07 1.90 0.50 0.61 0.94 1.11 0.00 2.33
231.6150 2.07 1.90 0.50 1.13 1.09 0.97 0.00 2.25
231.9710 2.07 1.90 0.50 0.71 1.02 1.87 0.00 2.62
232.3070 2.07 1.89 0.51 1.12 1.56 1.85 0.00 2.51
232.6300 2.07 1.90 0.50 0.63 0.83 1.16 0.00 2.53
232.9060 2.07 1.89 0.50 1.06 1.54 1.92 0.00 2.32
233.1870 2.07 1.89 0.50 1.02 1.32 1.42 0.00 2.61
233.4920 2.07 1.90 0.50 1.06 1.60 1.68 0.00 2.23
233.8010 2.07 1.90 0.50 0.97 1.55 1.96 0.00 2.20
234.1180 2.07 1.89 0.50 0.56 0.85 1.08 0.00 2.36
234.4450 2.07 1.90 0.50 0.69 0.90 1.76 0.00 2.60
234.7560 2.07 1.89 0.50 1.10 0.87 1.14 0.00 2.23
235.0820 2.08 1.89 0.50 0.76 1.56 2.01 0.00 2.63
235.3740 2.08 1.89 0.50 1.00 0.83 1.76 0.00 2.23
235.7010 2.08 1.90 0.50 0.70 1.53 1.53 0.00 2.57
236.0270 2.07 1.90 0.50 0.74 0.84 1.76 0.00 2.59
236.3380 2.08 1.90 0.50 0.68 0.78 0.99 0.01 2.37
236.6300 2.07 1.90 0.50 1.08 1.58 1.74 0.00 2.48
236.9210 2.08 1.91 0.50 0.64 0.86 1.73 0.00 2.31
237.2520 2.08 1.90 0.50 0.70 0.83 0.93 0.00 2.46
237.5780 2.08 1.90 0.50 0.73 1.71 1.43 0.03 2.61
237.9210 2.08 1.90 0.50 1.02 1.67 1.24 0.00 2.65
238.2910 2.07 1.90 0.50 0.99 1.42 1.84 0.00 2.61
238.5770 2.07 1.89 0.50 0.58 1.56 1.35 0.00 2.24
238.8680 2.08 1.89 0.51 0.57 0.92 1.20 0.00 2.57
239.2000 2.08 1.90 0.51 0.88 1.37 1.84 0.00 2.54
239.4880 2.08 1.89 0.50 0.63 0.81 0.98 0.00 2.34
239.7860 2.08 1.90 0.50 1.13 1.30 1.71 0.01 2.35
240.1190 2.08 1.90 0.50 0.66 0.86 1.69 0.00 2.25
240.3950 2.08 1.90 0.50 0.70 0.80 1.12 0.00 2.22
240.6800 2.08 1.88 0.50 0.74 1.13 1.08 0.00 2.28
240.9990 2.08 1.90 0.50 1.08 1.67 1.83 0.00 2.59
241.3050 2.08 1.90 0.51 0.98 1.55 1.79 0.00 2.16
241.6060 2.07 1.90 0.50 0.54 1.50 1.97 0.00 2.47
241.9190 2.08 1.90 0.50 0.60 0.86 1.23 0.00 2.42
242.2430 2.08 1.90 0.50 0.67 0.85 1.83 0.00 2.13
242.5290 2.08 1.90 0.50 1.12 1.52 1.96 0.00 2.13
242.8450 2.08 1.90 0.50 0.62 1.53 1.25 0.00 2.17
243.1620 2.08 1.91 0.50 0.94 1.33 1.74 0.00 2.28
243.4740 2.08 1.90 0.50 1.00 1.60 2.01 0.00 2.18
243.7960 2.08 1.90 0.50 0.71 1.29 1.86 0.00 2.50
244.0900 2.08 1.91 0.50 1.05 0.81 0.97 0.00 2.25
244.4490 2.07 1.90 0.50 1.12 0.91 1.11 0.00 2.20
244.7620 2.08 1.91 0.50 0.80 1.12 1.07 0.00 2.53
245.0540 2.08 1.91 0.50 1.10 1.70 1.99 0.00 2.55
245.3840 2.08 1.90 0.50 0.62 0.87 1.06 0.00 2.37
245.6760 2.08 1.90 0.51 1.11 1.67 1.97 0.00 2.60
246.0040 2.08 1.90 0.50 0.60 0.78 1.80 0.00 2.52
246.2720 2.08 1.91 0.50 0.77 1.45 1.10 0.00 2.30
246.5750 2.08 1.91 0.50 0.63 1.63 1.02 0.00 2.17
246.8790 2.08 1.90 0.51 0.63 1.17 1.88 0.00 2.58
247.2300 2.08 1.91 0.50 0.67 0.87 1.04 0.00 2.20
247.5430 2.08 1.91 0.51 0.71 1.20 1.05 0.00 2.52
247.8550 2.09 1.91 0.50 1.09 1.54 1.12 0.00 2.19
248.1650 2.08 1.91 0.50 0.63 0.98 1.88 0.00 2.56
248.4700 2.08 1.91 0.50 0.72 0.87 1.19 0.00 2.24
248.7740 2.08 1.91 0.50 0.71 0.91 1.09 0.00 2.19
249.0780 2.09 1.91 0.50 0.97 1.68 1.77 0.00 2.56
249.3640 2.08 1.91 0.50 0.62 1.31 1.88 0.00 2.48
249.6890 2.08 1.90 0.50 1.04 0.77 0.97 0.00 2.53
249.9880 2.08 1.91 0.50 1.06 1.26 1.19 0.00 2.18
250.2800 2.08 1.90 0.50 1.07 0.99 1.87 0.00 2.52
250.5530 2.08 1.90 0.50 1.09 1.51 1.16 0.00 2.17
250.8460 2.08 1.91 0.51 0.77 1.42 1.49 0.00 2.49
251.1380 2.08 1.90 0.50 1.02 0.93 1.74 0.00 2.51
251.4520 2.08 1.91 0.50 0.71 1.00 1.49 0.00 2.32
251.7390 2.08 1.90 0.50 1.10 1.62 1.88 0.00 2.56
252.0840 2.08 1.91 0.50 1.05 1.56 1.17 0.00 2.24
252.4240 2.08 1.91 0.50 0.57 0.98 1.14 0.00 2.24
252.7620 2.08 1.90 0.50 1.11 1.67 1.82 0.01 2.23
253.0670 2.08 1.90 0.51 0.62 1.46 1.15 0.00 2.24
253.4280 2.07 1.90 0.50 0.63 1.05 1.73 0.00 2.25
253.7570 2.08 1.90 0.50 1.09 0.87 1.03 0.00 2.59
254.0690 2.07 1.90 0.50 0.72 0.96 0.99 0.00 2.22
254.3910 2.08 1.90 0.50 1.09 1.68 1.93 0.00 2.49
254.6710 2.08 1.90 0.50 0.65 0.87 1.09 0.00 2.56
254.9850 2.08 1.90 0.50 0.68 1.33 1.51 0.00 2.58
255.3320 2.08 1.91 0.49 0.65 0.89 0.99 0.00 2.19
255.6230 2.07 1.90 0.50 1.10 0.93 1.03 0.00 2.33
255.9300 2.08 1.90 0.50 1.14 1.70 1.94 0.00 2.18
256.2620 2.08 1.90 0.50 1.03 1.57 1.07 0.00 2.60
256.6130 2.08 1.90 0.50 0.58 1.02 1.65 0.00 2.58
256.9310 2.08 1.90 0.50 1.09 1.58 1.80 0.00 2.61
257.2480 2.08 1.90 0.50 0.65 1.34 1.38 0.00 2.26
257.5270 2.08 1.90 0.50 0.63 0.91 1.13 0.00 2.60
257.8340 2.07 1.90 0.51 0.69 0.95 1.17 0.00 2.60
258.1520 2.07 1.90 0.50 0.70 0.91 1.02 0.00 2.34
258.4440 2.07 1.90 0.50 0.73 1.65 1.08 0.00 2.25
258.8090 2.09 1.90 0.50 1.06 1.27 1.13 0.00 2.62
259.1120 2.08 1.90 0.50 0.68 1.00 1.41 0.00 2.60
259.4270 2.07 1.90 0.50 1.11 0.97 1.84 0.00 2.26
259.8050 2.07 1.90 0.50 0.76 0.80 1.01 0.00 2.21
260.0730 2.08 1.90 0.51 0.72 0.93 1.17 0.00 2.47
260.3680 2.08 1.90 0.50 1.14 1.02 1.14 0.00 2.24
260.6920 2.07 1.90 0.50 1.12 1.67 2.00 0.00 2.60
260.9990 2.07 1.90 0.50 0.59 1.56 1.91 0.00 2.60
261.2820 2.08 1.90 0.50 0.82 0.91 0.93 0.00 2.47
261.5580 2.07 1.90 0.50 1.04 1.63 1.90 0.00 2.54
261.9130 2.07 1.89 0.50 0.98 0.85 1.10 0.00 2.53
262.2060 2.07 1.90 0.50 0.64 0.87 1.07 0.02 2.15
262.4870 2.08 1.89 0.50 0.72 0.96 1.17 0.00 2.49
262.7670 2.07 1.88 0.50 0.84 1.35 1.73 0.00 2.49
263.0510 2.08 1.89 0.50 1.02 0.88 1.37 0.00 2.18
263.3750 2.07 1.90 0.50 1.06 1.58 1.93 0.00 2.27
263.6580 2.07 1.90 0.51 0.69 1.16 1.97 0.00 2.51
263.9660 2.07 1.90 0.50 0.64 0.79 1.16 0.00 2.18
264.2850 2.07 1.89 0.50 0.75 0.88 1.65 0.00 2.32
264.6430 2.07 1.89 0.50 0.71 0.84 1.11 0.00 2.59
264.9310 2.06 1.90 0.50 0.73 1.41 1.41 0.00 2.57
265.2620 2.06 1.89 0.50 0.62 0.92 1.17 0.00 2.24
265.5750 2.07 1.89 0.50 1.11 1.58 1.03 0.00 2.22
265.8730 2.07 1.90 0.50 1.06 1.72 1.64 0.00 2.21
266.2190 2.07 1.90 0.50 1.02 1.09 1.20 0.00 2.61
266.5470 2.06 1.90 0.51 1.08 1.58 1.66 0.00 2.23
266.8280 2.06 1.89 0.50 1.04 0.90 1.25 0.03 2.55
267.1490 2.06 1.89 0.50 1.06 1.49 1.49 0.00 2.36
267.4490 2.07 1.89 0.50 1.04 1.58 1.94 0.00 2.53
267.7450 2.06 1.89 0.50 1.02 1.51 1.74 0.00 2.56
268.0620 2.06 1.89 0.50 0.60 0.81 1.08 0.00 2.43
268.3580 2.06 1.89 0.50 1.06 1.66 1.98 0.00 2.53
268.6640 2.07 1.89 0.49 0.87 1.58 1.10 0.00 2.56
268.9770 2.08 1.89 0.50 0.59 1.26 1.16 0.00 2.14
269.2730 2.07 1.90 0.50 0.63 0.96 1.82 0.00 2.49
269.5440 2.06 1.89 0.51 0.76 1.08 1.49 0.00 2.22
269.8510 2.06 1.89 0.50 0.68 0.82 1.76 0.00 2.52
270.1270 2.06 1.89 0.50 1.11 1.51 1.41 0.00 2.15
270.4370 2.06 1.90 0.51 0.63 0.90 1.18 0.00 2.31
270.7570 2.06 1.88 0.50 0.71 0.96 1.81 0.00 2.16
271.0410 2.06 1.89 0.50 1.06 1.12 1.08 0.00 2.10
271.3710 2.07 1.89 0.50 1.02 1.59 1.87 0.00 2.43
271.6770 2.06 1.90 0.49 0.98 1.52 2.01 0.00 2.45
271.9980 2.05 1.89 0.50 0.59 0.79 1.09 0.00 2.21
272.3200 2.06 1.90 0.50 1.12 0.94 1.99 0.00 2.37
272.6650 2.06 1.89 0.50 1.10 1.30 1.45 0.00 2.67
272.9600 2.06 1.89 0.50 0.69 1.43 1.69 0.00 2.24
273.2530 2.06 1.89 0.50 1.03 0.84 1.49 0.00 2.22
273.5850 2.06 1.89 0.50 0.72 1.23 1.14 0.00 2.32
273.8830 2.06 1.89 0.50 0.66 1.46 1.17 0.00 2.31
274.1990 2.06 1.90 0.50 1.03 1.57 1.17 0.00 2.56
274.4970 2.07 1.89 0.50 0.63 1.11 1.91 0.00 2.22
274.8320 2.06 1.89 0.50 0.70 0.99 1.16 0.00 2.27
275.1700 2.07 1.89 0.50 1.10 1.15 1.50 0.00 2.20
275.4520 2.06 1.89 0.50 0.67 1.60 1.26 0.00 2.22
275.7870 2.06 1.90 0.50 0.94 1.00 1.21 0.01 2.23
276.0830 2.06 1.88 0.50 0.81 1.04 1.23 0.00 2.24
276.3980 2.06 1.89 0.51 0.91 0.91 1.88 0.00 2.55
276.7130 2.06 1.89 0.50 1.12 0.92 1.09 0.00 2.22
277.0370 2.06 1.89 0.51 0.70 0.90 1.14 0.00 2.21
277.3490 2.06 1.89 0.50 0.94 1.37 1.02 0.00 2.17
277.6490 2.06 1.89 0.50 0.66 0.96 1.06 0.00 2.21
277.9530 2.06 1.90 0.50 1.06 1.06 1.09 0.00 2.17
278.2820 2.06 1.89 0.50 0.78 0.95 1.83 0.00 2.38
278.5710 2.05 1.89 0.50 1.10 1.42 1.05 0.00 2.18
278.8850 2.05 1.90 0.50 1.05 0.94 1.74 0.00 2.56
279.1930 2.06 1.89 0.50 1.06 0.83 1.66 0.00 2.34
279.5490 2.06 1.89 0.51 1.06 1.61 1.95 0.00 2.59
279.8920 2.06 1.89 0.50 0.70 1.54 1.30 0.00 2.60
280.2090 2.06 1.89 0.50 1.03 1.64 1.70 0.00 2.53
280.5050 2.05 1.90 0.50 0.95 0.85 0.97 0.00 2.25
280.7840 2.06 1.89 0.49 0.68 1.54 1.60 0.01 2.65
281.1240 2.06 1.89 0.51 0.64 1.66 2.04 0.00 2.61
281.4240 2.05 1.89 0.50 1.01 1.29 1.73 0.00 2.40
281.7200 2.06 1.89 0.50 0.61 1.22 1.04 0.00 2.56
282.0400 2.06 1.88 0.51 0.64 1.17 1.80 0.00 2.44
282.3540 2.05 1.89 0.50 1.08 1.45 1.09 0.00 2.52
282.6790 2.06 1.89 0.50 0.70 1.70 1.88 0.00 2.38
283.0130 2.06 1.89 0.51 0.64 0.86 1.14 0.00 2.51
283.3380 2.06 1.89 0.50 0.75 0.92 1.74 0.01 2.60
283.6720 2.06 1.89 0.50 0.69 0.84 1.87 0.00 2.57
283.9610 2.06 1.88 0.50 0.81 0.79 0.95 0.00 2.18
284.2680 2.05 1.89 0.50 1.14 1.68 1.91 0.00 2.13
284.5820 2.05 1.88 0.50 0.62 0.84 0.99 0.03 2.57
284.8840 2.06 1.89 0.50 0.90 1.65 1.79 0.00 2.51
285.2210 2.06 1.88 0.51 0.61 1.20 1.09 0.00 2.15
285.5150 2.06 1.89 0.50 0.59 1.24 1.12 0.00 2.11
285.8840 2.06 1.89 0.50 1.06 0.89 1.44 0.00 2.12
286.1670 2.06 1.89 0.50 0.68 0.89 1.86 0.00 2.21
286.4680 2.06 1.89 0.50 1.01 1.19 1.02 0.00 2.13
286.8210 2.06 1.89 0.50 0.97 1.64 1.66 0.00 2.53
287.1360 2.05 1.89 0.51 0.60 0.87 1.16 0.00 2.58
287.4380 2.06 1.89 0.51 1.09 1.62 1.91 0.00 2.16
287.7300 2.06 1.89 0.51 1.06 1.50 1.87 0.00 2.24
288.0850 2.05 1.89 0.50 1.04 1.56 1.81 0.00 2.39
288.3770 2.05 1.89 0.49 0.68 1.60 1.10 0.00 2.31
288.7180 2.06 1.89 0.50 1.03 1.65 1.80 0.00 2.66
289.0230 2.06 1.89 0.50 0.75 1.08 1.60 0.00 2.26
289.2830 2.06 1.87 0.51 1.04 1.54 1.98 0.00 2.33
289.5950 2.05 1.89 0.50 0.61 1.55 1.75 0.00 2.25
289.9170 2.06 1.89 0.50 0.67 0.83 1.82 0.01 2.51
290.2190 2.06 1.89 0.51 0.67 0.91 1.06 0.00 2.62
290.5400 2.05 1.89 0.50 0.76 1.45 1.19 0.00 2.49
290.8600 2.05 1.89 0.50 0.65 0.98 1.52 0.00 2.19
291.1630 2.05 1.89 0.50 0.69 1.44 2.01 0.00 2.56
291.4630 2.05 1.89 0.50 1.06 1.58 1.66 0.00 2.54
291.7800 2.06 1.89 0.50 0.55 1.53 1.79 0.00 2.20
292.0780 2.05 1.89 0.50 0.58 0.99 1.74 0.00 2.58
292.3860 2.05 1.89 0.50 1.06 1.51 0.98 0.00 2.20
292.6960 2.06 1.89 0.50 1.02 0.98 1.89 0.00 2.59
293.0230 2.05 1.89 0.50 1.09 1.55 1.98 0.00 2.56
293.3360 2.05 1.89 0.50 1.01 1.53 1.89 0.00 2.47
293.6400 2.05 1.89 0.50 1.00 1.51 1.16 0.00 2.08
293.9150 2.05 1.89 0.50 0.98 1.58 0.98 0.00 2.40
294.2060 2.06 1.89 0.50 0.99 1.68 1.35 0.00 2.17
294.4910 2.05 1.90 0.50 0.98 1.49 1.30 0.00 2.13
294.7780 2.05 1.89 0.50 0.56 0.93 1.05 0.00 2.54
295.0890 2.05 1.89 0.50 0.68 0.93 1.84 0.00 2.55
295.3960 2.05 1.89 0.50 0.69 0.87 1.07 0.00 2.17
295.6780 2.05 1.89 0.50 1.13 0.97 1.35 0.00 2.33
296.0260 2.06 1.89 0.50 1.06 1.65 1.35 0.00 2.61
296.4030 2.05 1.89 0.50 1.02 1.68 1.57 0.00 2.60
296.6990 2.06 1.89 0.50 1.03 1.65 1.97 0.00 2.27
297.0150 2.05 1.89 0.50 0.93 1.48 1.83 0.00 2.52
297.3030 2.04 1.89 0.51 0.67 1.17 1.10 0.00 2.45
297.6190 2.05 1.89 0.51 0.66 1.11 1.97 0.00 2.36
297.9320 2.06 1.89 0.50 0.60 0.98 1.77 0.00 2.45
298.2380 2.06 1.90 0.50 0.68 1.23 1.96 0.00 2.11
298.5480 2.06 1.89 0.50 0.62 0.84 1.05 0.00 2.06
298.8750 2.05 1.89 0.50 0.70 0.95 1.87 0.00 2.48
299.2040 2.06 1.89 0.50 0.80 1.61 1.93 0.00 2.43
299.5220 2.06 1.89 0.51 1.03 1.35 1.89 0.00 2.47
299.8060 2.05 1.89 0.50 0.86 1.07 1.07 0.00 2.20
300.1310 2.05 1.90 0.50 1.04 1.60 1.96 0.00 2.27
300.4060 2.05 1.89 0.50 1.02 1.57 1.90 0.00 2.48
300.7190 2.06 1.89 0.50 1.00 1.57 1.90 0.00 2.46
301.0540 2.06 1.89 0.50 0.99 1.52 1.03 0.00 2.11
301.3790 2.06 1.89 0.50 0.63 1.58 1.78 0.00 2.53
301.6870 2.06 1.89 0.50 0.68 1.15 1.09 0.00 2.19
301.9800 2.06 1.89 0.51 0.86 1.59 1.19 0.00 2.40
