time[sec] P_G1 [KPa] P_D1 [KPa] P_S1 [KPa] P_G2 [KPa] P_D2 [KPa] P_Act [KPa] Q1 [M^3/s] Q2 [M^3/s] P_DS1 [KPa] P_DS2 [KPa]
07 15 19 14:18:02
0.2108 101.49 -8.06 -9.79 -6.32 -7.19 -6.32 0.00 0.00 1.74 -7.19
0.3168 111.93 -8.06 -9.79 -6.32 -8.06 -6.32 0.00 0.00 1.74 -8.06
0.4113 116.27 -8.06 -8.92 -5.45 -7.19 -6.32 0.00 0.00 0.87 -7.19
0.5075 120.62 -8.06 -9.79 -6.32 -7.19 -6.32 0.00 0.00 1.74 -7.19
0.6063 124.97 -8.06 -9.79 -6.32 -7.19 -6.32 0.00 0.00 1.74 -7.19
0.7222 128.44 -8.06 -9.79 -6.32 -7.19 -6.32 0.00 0.00 1.74 -7.19
0.8191 131.05 -8.06 -9.79 -6.32 -7.19 -6.32 0.00 0.00 1.74 -7.19
0.9170 133.66 -8.06 -9.79 -6.32 -7.19 -6.32 0.00 0.00 1.74 -7.19
30.0965 151.92 -8.06 -9.79 -6.32 -7.19 -6.32 0.00 0.00 1.74 -7.19
30.1953 151.92 -8.92 -9.79 -6.32 -7.19 -6.32 0.00 0.00 0.87 -7.19
30.2932 151.92 -8.92 -9.79 -6.32 -7.19 -6.32 0.00 0.00 0.87 -7.19
30.3923 151.05 -8.06 -9.79 -5.45 -7.19 -6.32 0.00 0.00 1.74 -7.19
30.4930 151.92 -8.06 -9.79 -6.32 -7.19 -6.32 0.00 0.00 1.74 -7.19
30.5884 151.05 -8.06 -9.79 -6.32 -7.19 -6.32 0.00 0.00 1.74 -7.19
30.6883 151.05 -8.06 -9.79 -6.32 -7.19 -6.32 0.00 0.00 1.74 -7.19
30.7917 151.92 -8.06 -9.79 -6.32 -7.19 -5.45 0.00 0.00 1.74 -7.19
30.8890 151.05 -8.06 -9.79 -6.32 -7.19 -6.32 0.00 0.00 1.74 -7.19
30.9857 151.05 -8.06 -8.92 -6.32 -7.19 -6.32 0.00 0.00 0.87 -7.19
60.0832 151.05 4.12 -9.79 -6.32 -7.19 -6.32 0.00 0.00 13.91 -7.19
60.1805 151.05 4.12 -9.79 -6.32 -7.19 -6.32 0.00 0.00 13.91 -7.19
60.2797 151.05 4.12 -9.79 -6.32 -7.19 -6.32 0.00 0.00 13.91 -7.19
60.3762 151.92 4.12 -9.79 -6.32 -7.19 -6.32 0.00 0.00 13.91 -7.19
60.4740 151.05 4.12 -9.79 -6.32 -7.19 -6.32 0.00 0.00 13.91 -7.19
60.5686 151.05 4.12 -9.79 -5.45 -8.06 -6.32 0.00 0.03 13.91 -8.06
60.6677 151.05 4.12 -8.92 -6.32 -7.19 -6.32 0.00 0.00 13.04 -7.19
60.7751 151.05 4.12 -9.79 -5.45 -8.06 -6.32 0.00 0.00 13.91 -8.06
60.8739 151.05 4.12 -9.79 -6.32 -6.32 -6.32 0.00 0.00 13.91 -6.32
60.9687 151.05 4.12 -9.79 -6.32 -7.19 -6.32 0.00 0.00 13.91 -7.19
90.0400 151.05 18.03 -9.79 -5.45 -7.19 -6.32 0.00 0.00 27.82 -7.19
90.1372 151.05 18.03 -9.79 -6.32 -7.19 -6.32 0.00 0.00 27.82 -7.19
90.2369 151.05 18.03 -9.79 -6.32 -6.32 -6.32 0.00 0.00 27.82 -6.32
90.3293 151.05 18.03 -9.79 -5.45 -6.32 -6.32 0.00 0.00 27.82 -6.32
90.4285 151.05 18.03 -9.79 -5.45 -7.19 -6.32 0.00 0.00 27.82 -7.19
90.5356 151.05 18.03 -9.79 -5.45 -7.19 -6.32 0.00 0.00 27.82 -7.19
90.6330 151.05 18.03 -9.79 -6.32 -7.19 -6.32 0.00 0.00 27.82 -7.19
90.7350 151.05 18.03 -9.79 -6.32 -7.19 -6.32 0.00 0.00 27.82 -7.19
90.8305 151.05 18.03 -9.79 -6.32 -8.06 -6.32 0.00 0.00 27.82 -8.06
90.9298 151.05 18.03 -9.79 -5.45 -8.06 -6.32 0.00 0.00 27.82 -8.06
120.0388 151.05 32.81 -8.06 -5.45 -6.32 -6.32 0.00 0.00 40.86 -6.32
120.1359 151.92 32.81 -8.06 -5.45 -7.19 -5.45 0.00 0.00 40.86 -7.19
120.2348 151.92 32.81 -8.92 -6.32 -7.19 -5.45 0.00 0.00 41.73 -7.19
120.3282 151.92 33.68 -8.06 -5.45 -7.19 -5.45 0.00 0.00 41.73 -7.19
120.4271 151.92 33.68 -8.92 -5.45 -6.32 -5.45 0.00 0.00 42.60 -6.32
120.5257 151.92 33.68 -8.92 -5.45 -7.19 -5.45 0.00 0.00 42.60 -7.19
120.6234 151.92 33.68 -8.92 -6.32 -7.19 -5.45 0.00 0.00 42.60 -7.19
120.7305 151.92 33.68 -8.92 -5.45 -7.19 -6.32 0.00 0.00 42.60 -7.19
120.8284 151.92 32.81 -8.92 -5.45 -7.19 -6.32 0.00 0.00 41.73 -7.19
120.9225 151.05 32.81 -8.92 -6.32 -7.19 -6.32 0.00 0.01 41.73 -7.19
150.0337 151.92 47.59 -8.06 -5.45 -7.19 -5.45 0.00 0.00 55.64 -7.19
150.1212 151.92 47.59 -8.06 -5.45 -7.19 -6.32 0.00 0.00 55.64 -7.19
150.2158 151.05 47.59 -8.06 -5.45 -7.19 -5.45 0.00 0.00 55.64 -7.19
150.3141 151.92 47.59 -8.92 -5.45 -7.19 -6.32 0.00 0.01 56.51 -7.19
150.4116 151.05 47.59 -8.92 -5.45 -7.19 -5.45 0.00 0.00 56.51 -7.19
150.5106 151.05 46.72 -8.92 -5.45 -7.19 -5.45 0.00 0.00 55.64 -7.19
150.6133 151.05 46.72 -8.92 -6.32 -7.19 -6.32 0.00 0.00 55.64 -7.19
150.7125 151.05 46.72 -8.92 -5.45 -7.19 -6.32 0.00 0.00 55.64 -7.19
150.8103 151.05 46.72 -8.92 -5.45 -7.19 -6.32 0.00 0.00 55.64 -7.19
150.9082 151.05 47.59 -8.92 -6.32 -7.19 -6.32 0.00 0.00 56.51 -7.19
180.0893 154.53 61.50 -8.06 -5.45 -7.19 -5.45 0.00 0.00 69.55 -7.19
180.1867 154.53 62.37 -8.06 -5.45 -7.19 -5.45 0.00 0.00 70.42 -7.19
180.2834 154.53 62.37 -8.06 -5.45 -7.19 -5.45 0.00 0.00 70.42 -7.19
180.3868 154.53 62.37 -8.06 -5.45 -7.19 -5.45 0.00 0.00 70.42 -7.19
180.4761 154.53 62.37 -8.06 -5.45 -6.32 -5.45 0.00 0.01 70.42 -6.32
180.5757 154.53 62.37 -8.06 -5.45 -7.19 -5.45 0.00 0.00 70.42 -7.19
180.6683 154.53 62.37 -8.06 -5.45 -7.19 -5.45 0.00 0.00 70.42 -7.19
180.7736 154.53 62.37 -8.06 -5.45 -7.19 -5.45 0.00 0.00 70.42 -7.19
180.8683 154.53 61.50 -8.06 -5.45 -7.19 -5.45 0.00 0.00 69.55 -7.19
180.9711 154.53 61.50 -8.06 -5.45 -7.19 -5.45 0.00 0.00 69.55 -7.19
210.0313 153.66 75.41 -8.06 -5.45 -7.19 -6.32 0.00 0.01 83.47 -7.19
210.1218 154.53 75.41 -8.92 -5.45 -7.19 -6.32 0.00 0.00 84.33 -7.19
210.2181 154.53 75.41 -8.92 -5.45 -7.19 -6.32 0.00 0.01 84.33 -7.19
210.3148 153.66 75.41 -8.92 -5.45 -7.19 -6.32 0.00 0.00 84.33 -7.19
210.4122 153.66 75.41 -8.92 -5.45 -7.19 -6.32 0.00 0.00 84.33 -7.19
210.5067 154.53 75.41 -8.92 -5.45 -7.19 -5.45 0.00 0.02 84.33 -7.19
210.6091 153.66 75.41 -8.92 -5.45 -7.19 -5.45 0.00 0.01 84.33 -7.19
210.7159 153.66 75.41 -8.92 -5.45 -6.32 -6.32 0.00 0.00 84.33 -6.32
210.8155 153.66 75.41 -8.06 -5.45 -6.32 -6.32 0.00 0.00 83.47 -6.32
210.9114 154.53 76.28 -8.92 -5.45 -7.19 -6.32 0.00 0.00 85.20 -7.19
240.0455 154.53 90.19 -8.06 -6.32 -5.45 -6.32 0.00 0.00 98.25 -5.45
240.1442 154.53 90.19 -8.06 -5.45 -7.19 -6.32 0.00 0.00 98.25 -7.19
240.2420 154.53 90.19 -8.06 -5.45 -7.19 -6.32 0.00 0.01 98.25 -7.19
240.3400 153.66 90.19 -8.92 -5.45 -8.06 -6.32 0.00 0.01 99.11 -8.06
240.4316 153.66 90.19 -8.06 -4.58 -6.32 -6.32 0.00 0.00 98.25 -6.32
240.5290 153.66 90.19 -8.92 -5.45 -5.45 -6.32 0.00 0.00 99.11 -5.45
240.6221 154.53 90.19 -8.06 -6.32 -5.45 -6.32 0.00 0.02 98.25 -5.45
240.7293 153.66 90.19 -8.92 -5.45 -6.32 -6.32 0.00 0.01 99.11 -6.32
240.8286 154.53 90.19 -8.92 -5.45 -6.32 -6.32 0.00 0.01 99.11 -6.32
240.9330 154.53 90.19 -8.92 -5.45 -6.32 -6.32 0.00 0.00 99.11 -6.32
270.0116 153.66 104.10 -8.92 -5.45 -7.19 -6.32 0.00 0.00 113.03 -7.19
270.1078 153.66 104.10 -8.06 -5.45 -7.19 -6.32 0.00 0.04 112.16 -7.19
270.2043 154.53 104.10 -8.06 -5.45 -7.19 -5.45 0.00 0.00 112.16 -7.19
270.3009 153.66 103.23 -8.92 -5.45 -7.19 -6.32 0.00 0.00 112.16 -7.19
270.4049 153.66 104.10 -8.92 -5.45 -7.19 -6.32 0.00 0.00 113.03 -7.19
270.5024 153.66 104.10 -8.92 -5.45 -7.19 -6.32 0.00 0.02 113.03 -7.19
270.5968 153.66 104.10 -8.92 -5.45 -7.19 -6.32 0.00 0.00 113.03 -7.19
270.6910 154.53 104.97 -8.06 -5.45 -7.19 -6.32 0.00 0.00 113.03 -7.19
270.7894 153.66 104.10 -8.92 -5.45 -7.19 -6.32 0.00 0.00 113.03 -7.19
270.8872 154.53 104.10 -8.92 -5.45 -7.19 -6.32 0.00 0.00 113.03 -7.19
270.9817 153.66 104.10 -8.92 -5.45 -6.32 -6.32 0.00 0.00 113.03 -6.32
300.0337 153.66 118.01 -8.92 -5.45 -7.19 -6.32 0.00 0.00 126.94 -7.19
300.1324 153.66 118.01 -8.92 -5.45 -7.19 -6.32 0.00 0.00 126.94 -7.19
300.2282 153.66 118.01 -8.92 -6.32 -7.19 -6.32 0.00 0.00 126.94 -7.19
300.3235 153.66 118.88 -8.06 -5.45 -6.32 -6.32 0.00 0.00 126.94 -6.32
300.4189 153.66 118.01 -8.06 -5.45 -6.32 -6.32 0.00 0.00 126.07 -6.32
300.5177 153.66 118.01 -8.06 -5.45 -6.32 -6.32 0.00 0.00 126.07 -6.32
300.6150 153.66 118.01 -8.06 -5.45 -7.19 -6.32 0.00 0.00 126.07 -7.19
300.7181 153.66 118.01 -8.06 -6.32 -7.19 -6.32 0.00 0.00 126.07 -7.19
300.8177 153.66 118.01 -8.92 -6.32 -7.19 -6.32 0.00 0.00 126.94 -7.19
300.9133 153.66 118.88 -8.06 -6.32 -7.19 -6.32 0.00 0.00 126.94 -7.19
330.0715 153.66 132.79 -7.19 -5.45 -7.19 -6.32 0.00 0.11 139.98 -7.19
330.1728 153.66 132.79 -8.06 -5.45 -7.19 -6.32 0.01 0.15 140.85 -7.19
330.2693 153.66 132.79 -7.19 -5.45 -7.19 -6.32 0.00 0.15 139.98 -7.19
330.3714 153.66 132.79 -7.19 -5.45 -7.19 -6.32 0.00 0.13 139.98 -7.19
330.4661 153.66 133.66 -8.06 -5.45 -6.32 -6.32 0.00 0.14 141.72 -6.32
330.5641 153.66 133.66 -8.06 -5.45 -7.19 -6.32 0.00 0.16 141.72 -7.19
330.6619 153.66 132.79 -8.06 -5.45 -6.32 -6.32 0.00 0.13 140.85 -6.32
330.7683 153.66 133.66 -8.06 -5.45 -7.19 -5.45 0.00 0.19 141.72 -7.19
330.8671 153.66 132.79 -7.19 -5.45 -7.19 -6.32 0.00 0.15 139.98 -7.19
330.9640 153.66 132.79 -8.06 -5.45 -7.19 -6.32 0.00 0.13 140.85 -7.19
360.0295 153.66 145.83 -8.06 -6.32 -7.19 -6.32 0.00 0.24 153.89 -7.19
360.1223 152.79 145.83 -8.06 -6.32 -6.32 -6.32 0.00 0.30 153.89 -6.32
360.2173 153.66 145.83 -8.06 -5.45 -7.19 -6.32 0.00 0.27 153.89 -7.19
360.3146 152.79 145.83 -8.06 -5.45 -7.19 -6.32 0.00 0.25 153.89 -7.19
360.4154 153.66 145.83 -8.06 -5.45 -7.19 -6.32 0.00 0.26 153.89 -7.19
360.5088 153.66 145.83 -8.06 -6.32 -7.19 -6.32 0.00 0.25 153.89 -7.19
360.6077 152.79 145.83 -8.06 -5.45 -7.19 -6.32 0.00 0.25 153.89 -7.19
360.7105 152.79 146.70 -8.06 -5.45 -7.19 -6.32 0.00 0.25 154.76 -7.19
360.8082 153.66 145.83 -8.06 -5.45 -7.19 -6.32 0.00 0.26 153.89 -7.19
360.9018 153.66 145.83 -8.06 -5.45 -7.19 -6.32 0.00 0.24 153.89 -7.19
360.9926 153.66 145.83 -8.06 -5.45 -7.19 -6.32 0.00 0.27 153.89 -7.19
390.0841 154.53 160.61 -6.32 -5.45 -6.32 -6.32 0.00 0.46 166.93 -6.32
390.1838 154.53 161.48 -6.32 -5.45 -6.32 -6.32 0.00 0.43 167.80 -6.32
390.2855 154.53 161.48 -6.32 -5.45 -7.19 -6.32 0.00 0.46 167.80 -7.19
390.3848 154.53 161.48 -6.32 -5.45 -5.45 -6.32 0.00 0.45 167.80 -5.45
390.4956 154.53 160.61 -6.32 -5.45 -6.32 -6.32 0.00 0.45 166.93 -6.32
390.5906 154.53 161.48 -6.32 -5.45 -6.32 -6.32 0.00 0.46 167.80 -6.32
390.6950 154.53 160.61 -6.32 -5.45 -7.19 -6.32 0.00 0.46 166.93 -7.19
390.7921 154.53 160.61 -5.45 -5.45 -7.19 -6.32 0.00 0.45 166.06 -7.19
390.8944 154.53 160.61 -6.32 -5.45 -6.32 -6.32 0.00 0.46 166.93 -6.32
390.9942 154.53 160.61 -6.32 -5.45 -6.32 -6.32 0.00 0.46 166.93 -6.32
420.0338 154.53 175.39 -1.97 -5.45 -7.19 -6.32 0.04 0.83 177.36 -7.19
420.1312 153.66 175.39 -1.97 -5.45 -7.19 -6.32 0.01 0.84 177.36 -7.19
420.2300 153.66 175.39 -1.97 -5.45 -7.19 -6.32 0.00 0.83 177.36 -7.19
420.3287 153.66 175.39 -1.97 -5.45 -7.19 -6.32 0.02 0.84 177.36 -7.19
420.4267 153.66 175.39 -1.97 -5.45 -6.32 -6.32 0.00 0.84 177.36 -6.32
420.5254 153.66 175.39 -1.97 -5.45 -6.32 -6.32 0.00 0.84 177.36 -6.32
420.6237 153.66 175.39 -1.97 -5.45 -7.19 -6.32 0.00 0.83 177.36 -7.19
420.7539 153.66 175.39 -1.97 -5.45 -6.32 -6.32 0.00 0.85 177.36 -6.32
420.8521 153.66 175.39 -1.97 -5.45 -7.19 -6.32 0.00 0.85 177.36 -7.19
420.9518 153.66 175.39 -1.10 -5.45 -7.19 -6.32 0.00 0.85 176.49 -7.19
450.0508 146.70 186.70 18.03 -5.45 -6.32 -6.32 0.02 1.78 168.67 -6.32
450.1462 146.70 186.70 17.16 -5.45 -7.19 -6.32 0.04 1.75 169.54 -7.19
450.2446 146.70 187.57 18.03 -5.45 -5.45 -6.32 0.09 1.78 169.54 -5.45
450.3424 146.70 187.57 18.03 -5.45 -6.32 -6.32 0.03 1.74 169.54 -6.32
450.4409 146.70 187.57 17.16 -5.45 -6.32 -6.32 0.02 1.77 170.41 -6.32
450.5416 147.57 187.57 18.03 -5.45 -7.19 -6.32 0.07 1.78 169.54 -7.19
450.6403 146.70 187.57 17.16 -5.45 -8.06 -6.32 0.06 1.76 170.41 -8.06
450.7444 147.57 187.57 18.03 -5.45 -7.19 -6.32 0.02 1.74 169.54 -7.19
450.8423 147.57 187.57 18.03 -5.45 -7.19 -6.32 0.04 1.73 169.54 -7.19
450.9399 147.57 187.57 18.03 -5.45 -7.19 -6.32 0.07 1.77 169.54 -7.19
480.0468 146.70 187.57 18.03 -6.32 -6.32 -6.32 0.08 1.82 169.54 -6.32
time[sec] P_G1 [KPa] P_D1 [KPa] P_S1 [KPa] P_G2 [KPa] P_D2 [KPa] P_Act [KPa] Q1 [M^3/s] Q2 [M^3/s] P_DS1 [KPa] P_DS2 [KPa]
07 15 19 14:27:07
0.2349 104.10 -8.06 -9.79 -6.32 -7.19 -7.19 0.00 0.11 1.74 -7.19
0.3393 114.53 -8.06 -9.79 -6.32 -8.06 -7.19 0.00 0.11 1.74 -8.06
0.4446 119.75 -8.06 -9.79 -6.32 -8.06 -6.32 0.00 0.15 1.74 -8.06
0.5428 124.10 -8.06 -9.79 -6.32 -7.19 -7.19 0.00 0.15 1.74 -7.19
0.6453 128.44 -8.06 -9.79 -6.32 -8.06 -7.19 0.00 0.18 1.74 -8.06
0.7492 131.92 -8.06 -9.79 -6.32 -8.06 -7.19 0.00 0.13 1.74 -8.06
0.8468 135.40 -8.06 -8.92 -6.32 -8.06 -7.19 0.00 0.14 0.87 -8.06
0.9583 137.14 -8.06 -9.79 -6.32 -8.06 -6.32 0.00 0.14 1.74 -8.06
30.0860 122.36 -8.06 -9.79 -6.32 -7.19 -7.19 0.00 0.00 1.74 -7.19
30.1857 122.36 -8.06 -9.79 -6.32 -7.19 -7.19 0.00 0.00 1.74 -7.19
30.2838 121.49 -8.06 -9.79 -6.32 -7.19 -6.32 0.00 0.00 1.74 -7.19
30.3815 121.49 -8.06 -9.79 -6.32 -7.19 -7.19 0.00 0.01 1.74 -7.19
30.4824 122.36 -8.92 -9.79 -6.32 -8.06 -7.19 0.00 0.00 0.87 -8.06
30.5729 122.36 -8.92 -9.79 -6.32 -7.19 -7.19 0.00 0.00 0.87 -7.19
30.6760 121.49 -8.92 -8.92 -6.32 -8.06 -6.32 0.00 0.00 0.00 -8.06
30.7757 121.49 -8.92 -9.79 -5.45 -8.06 -7.19 0.00 0.00 0.87 -8.06
30.8646 121.49 -8.06 -9.79 -6.32 -7.19 -7.19 0.00 0.00 1.74 -7.19
30.9668 122.36 -8.92 -9.79 -6.32 -7.19 -7.19 0.00 0.00 0.87 -7.19
60.0956 121.49 4.12 -9.79 -6.32 -7.19 -7.19 0.00 0.00 13.91 -7.19
60.1964 121.49 4.12 -9.79 -6.32 -7.19 -7.19 0.00 0.00 13.91 -7.19
60.2928 122.36 4.12 -9.79 -6.32 -7.19 -7.19 0.00 0.00 13.91 -7.19
60.3917 122.36 4.12 -9.79 -6.32 -7.19 -6.32 0.00 0.00 13.91 -7.19
60.4863 121.49 4.12 -9.79 -6.32 -8.06 -7.19 0.00 0.00 13.91 -8.06
60.5841 121.49 4.12 -8.92 -5.45 -7.19 -7.19 0.00 0.00 13.04 -7.19
60.6833 121.49 4.12 -9.79 -6.32 -7.19 -7.19 0.00 0.00 13.91 -7.19
60.7813 121.49 4.12 -8.92 -6.32 -7.19 -7.19 0.00 0.00 13.04 -7.19
60.8791 122.36 4.12 -8.92 -6.32 -7.19 -7.19 0.00 0.00 13.04 -7.19
60.9823 121.49 4.12 -9.79 -6.32 -7.19 -6.32 0.00 0.00 13.91 -7.19
90.0731 121.49 18.90 -9.79 -5.45 -6.32 -6.32 0.00 0.00 28.69 -6.32
90.1730 121.49 18.90 -9.79 -6.32 -6.32 -6.32 0.00 0.00 28.69 -6.32
90.2712 121.49 18.90 -9.79 -6.32 -7.19 -7.19 0.00 0.00 28.69 -7.19
90.3685 121.49 18.90 -9.79 -6.32 -7.19 -6.32 0.00 0.00 28.69 -7.19
90.4676 121.49 18.03 -9.79 -6.32 -7.19 -6.32 0.00 0.00 27.82 -7.19
90.5651 121.49 18.03 -9.79 -6.32 -7.19 -7.19 0.00 0.00 27.82 -7.19
90.6603 121.49 18.03 -9.79 -6.32 -8.06 -7.19 0.00 0.00 27.82 -8.06
90.7638 121.49 18.90 -9.79 -6.32 -7.19 -7.19 0.00 0.00 28.69 -7.19
90.8613 121.49 18.90 -9.79 -6.32 -8.06 -6.32 0.00 0.00 28.69 -8.06
90.9632 122.36 18.03 -9.79 -6.32 -7.19 -7.19 0.00 0.00 27.82 -7.19
120.0269 121.49 32.81 -8.92 -6.32 -7.19 -7.19 0.00 0.00 41.73 -7.19
120.1272 121.49 32.81 -9.79 -6.32 -7.19 -7.19 0.00 0.00 42.60 -7.19
120.2247 121.49 32.81 -9.79 -6.32 -7.19 -6.32 0.00 0.00 42.60 -7.19
120.3230 121.49 32.81 -8.92 -6.32 -7.19 -7.19 0.00 0.00 41.73 -7.19
120.4964 121.49 32.81 -9.79 -6.32 -7.19 -7.19 0.00 0.00 42.60 -7.19
120.6404 121.49 32.81 -9.79 -6.32 -6.32 -7.19 0.00 0.00 42.60 -6.32
120.7444 121.49 32.81 -9.79 -6.32 -6.32 -7.19 0.00 0.00 42.60 -6.32
120.8384 121.49 32.81 -9.79 -6.32 -7.19 -7.19 0.00 0.00 42.60 -7.19
120.9391 121.49 32.81 -9.79 -6.32 -7.19 -6.32 0.00 0.00 42.60 -7.19
150.0769 121.49 46.72 -8.92 -6.32 -7.19 -7.19 0.00 0.00 55.64 -7.19
150.1771 121.49 46.72 -9.79 -6.32 -7.19 -7.19 0.00 0.00 56.51 -7.19
150.2760 121.49 46.72 -9.79 -6.32 -7.19 -7.19 0.00 0.00 56.51 -7.19
150.3739 121.49 46.72 -9.79 -6.32 -7.19 -6.32 0.00 0.00 56.51 -7.19
150.4676 121.49 45.85 -9.79 -5.45 -7.19 -7.19 0.00 0.00 55.64 -7.19
150.5668 121.49 45.85 -9.79 -6.32 -7.19 -7.19 0.00 0.00 55.64 -7.19
150.6643 121.49 46.72 -8.92 -5.45 -8.06 -7.19 0.00 0.00 55.64 -8.06
150.7619 121.49 45.85 -9.79 -6.32 -7.19 -7.19 0.00 0.00 55.64 -7.19
150.8607 121.49 45.85 -9.79 -6.32 -7.19 -6.32 0.00 0.00 55.64 -7.19
150.9623 121.49 46.72 -9.79 -6.32 -8.06 -6.32 0.00 0.00 56.51 -8.06
180.0637 121.49 60.63 -9.79 -6.32 -7.19 -7.19 0.00 0.00 70.42 -7.19
180.1636 121.49 60.63 -9.79 -6.32 -7.19 -7.19 0.00 0.00 70.42 -7.19
180.2648 122.36 60.63 -9.79 -6.32 -8.06 -6.32 0.00 0.02 70.42 -8.06
180.3589 121.49 60.63 -9.79 -6.32 -7.19 -6.32 0.00 0.00 70.42 -7.19
180.4615 121.49 60.63 -9.79 -6.32 -8.06 -7.19 0.00 0.00 70.42 -8.06
180.5566 121.49 60.63 -9.79 -6.32 -8.06 -6.32 0.00 0.00 70.42 -8.06
180.6518 121.49 60.63 -9.79 -5.45 -7.19 -7.19 0.00 0.00 70.42 -7.19
180.7524 121.49 60.63 -8.92 -6.32 -7.19 -6.32 0.00 0.00 69.55 -7.19
180.8506 121.49 60.63 -9.79 -6.32 -7.19 -7.19 0.00 0.00 70.42 -7.19
180.9541 122.36 60.63 -9.79 -6.32 -6.32 -7.19 0.00 0.00 70.42 -6.32
210.0002 121.49 73.67 -9.79 -6.32 -6.32 -7.19 0.00 0.00 83.47 -6.32
210.0992 121.49 73.67 -9.79 -6.32 -7.19 -6.32 0.00 0.00 83.47 -7.19
210.1978 121.49 73.67 -9.79 -6.32 -7.19 -7.19 0.00 0.00 83.47 -7.19
210.2957 121.49 74.54 -9.79 -6.32 -7.19 -6.32 0.00 0.00 84.33 -7.19
210.3921 121.49 74.54 -9.79 -6.32 -7.19 -6.32 0.00 0.00 84.33 -7.19
210.4884 121.49 74.54 -9.79 -5.45 -7.19 -7.19 0.00 0.00 84.33 -7.19
210.5823 121.49 74.54 -8.92 -5.45 -7.19 -7.19 0.00 0.00 83.47 -7.19
210.6772 121.49 73.67 -9.79 -6.32 -8.06 -7.19 0.00 0.00 83.47 -8.06
210.7745 121.49 74.54 -9.79 -6.32 -7.19 -6.32 0.00 0.01 84.33 -7.19
210.8738 121.49 73.67 -9.79 -6.32 -7.19 -6.32 0.00 0.00 83.47 -7.19
210.9798 121.49 74.54 -9.79 -6.32 -8.06 -7.19 0.00 0.00 84.33 -8.06
240.0818 120.62 88.45 -9.79 -6.32 -7.19 -7.19 0.00 0.00 98.25 -7.19
240.1794 120.62 88.45 -8.92 -6.32 -7.19 -7.19 0.00 0.00 97.38 -7.19
240.2764 121.49 88.45 -8.92 -6.32 -8.06 -6.32 0.00 0.00 97.38 -8.06
240.3752 120.62 88.45 -9.79 -6.32 -8.06 -7.19 0.00 0.00 98.25 -8.06
240.4732 121.49 88.45 -9.79 -5.45 -8.06 -6.32 0.00 0.00 98.25 -8.06
240.5725 121.49 89.32 -9.79 -5.45 -7.19 -6.32 0.00 0.00 99.11 -7.19
240.6666 121.49 89.32 -8.92 -6.32 -7.19 -6.32 0.00 0.00 98.25 -7.19
240.7639 121.49 89.32 -9.79 -6.32 -8.06 -7.19 0.00 0.00 99.11 -8.06
240.8627 121.49 90.19 -9.79 -6.32 -8.06 -7.19 0.00 0.00 99.98 -8.06
240.9656 121.49 91.06 -8.92 -6.32 -8.06 -7.19 0.00 0.00 99.98 -8.06
270.0623 121.49 103.23 -8.92 -6.32 -8.06 -7.19 0.00 0.12 112.16 -8.06
270.1551 121.49 103.23 -8.92 -6.32 -7.19 -7.19 0.00 0.12 112.16 -7.19
270.2500 121.49 103.23 -9.79 -5.45 -7.19 -7.19 0.00 0.12 113.03 -7.19
270.3487 120.62 103.23 -8.92 -6.32 -8.06 -6.32 0.00 0.09 112.16 -8.06
270.4431 121.49 104.10 -8.92 -6.32 -7.19 -6.32 0.00 0.07 113.03 -7.19
270.5405 121.49 104.10 -9.79 -6.32 -7.19 -7.19 0.00 0.11 113.89 -7.19
270.6394 121.49 104.10 -9.79 -6.32 -8.06 -7.19 0.00 0.11 113.89 -8.06
270.7337 121.49 104.10 -9.79 -6.32 -6.32 -7.19 0.00 0.08 113.89 -6.32
270.8347 121.49 103.23 -8.92 -5.45 -7.19 -7.19 0.00 0.11 112.16 -7.19
270.9355 121.49 103.23 -8.92 -6.32 -6.32 -7.19 0.00 0.11 112.16 -6.32
300.0187 121.49 117.14 -8.92 -6.32 -7.19 -7.19 0.00 0.20 126.07 -7.19
300.1174 120.62 117.14 -8.92 -6.32 -8.06 -7.19 0.00 0.20 126.07 -8.06
300.2160 120.62 117.14 -8.92 -5.45 -8.06 -7.19 0.00 0.19 126.07 -8.06
300.3179 121.49 117.14 -8.92 -6.32 -7.19 -7.19 0.00 0.20 126.07 -7.19
300.4171 120.62 117.14 -8.92 -5.45 -8.06 -7.19 0.00 0.20 126.07 -8.06
300.5141 121.49 117.14 -8.92 -6.32 -7.19 -6.32 0.00 0.20 126.07 -7.19
300.6171 121.49 117.14 -8.92 -6.32 -7.19 -6.32 0.00 0.21 126.07 -7.19
300.7149 120.62 117.14 -8.92 -5.45 -8.06 -7.19 0.00 0.23 126.07 -8.06
300.8127 121.49 118.01 -8.92 -6.32 -8.06 -7.19 0.00 0.20 126.94 -8.06
300.9079 120.62 117.14 -8.92 -5.45 -7.19 -6.32 0.00 0.22 126.07 -7.19
330.0007 121.49 131.92 -7.19 -6.32 -7.19 -6.32 0.00 0.38 139.11 -7.19
330.0949 121.49 131.92 -7.19 -5.45 -7.19 -6.32 0.00 0.40 139.11 -7.19
330.1891 121.49 132.79 -6.32 -5.45 -7.19 -6.32 0.00 0.40 139.11 -7.19
330.2834 121.49 131.92 -7.19 -5.45 -7.19 -7.19 0.00 0.39 139.11 -7.19
330.3777 121.49 131.92 -7.19 -5.45 -7.19 -7.19 0.00 0.40 139.11 -7.19
330.4719 121.49 132.79 -7.19 -5.45 -7.19 -6.32 0.00 0.40 139.98 -7.19
330.5617 121.49 131.92 -7.19 -5.45 -7.19 -6.32 0.00 0.41 139.11 -7.19
330.6560 121.49 132.79 -6.32 -5.45 -7.19 -6.32 0.00 0.39 139.11 -7.19
330.7537 121.49 132.79 -7.19 -5.45 -7.19 -6.32 0.00 0.40 139.98 -7.19
330.8566 121.49 132.79 -6.32 -5.45 -7.19 -6.32 0.00 0.40 139.11 -7.19
330.9546 121.49 132.79 -7.19 -5.45 -7.19 -6.32 0.00 0.40 139.98 -7.19
360.0071 123.23 146.70 -3.71 -5.45 -6.32 -6.32 0.00 0.66 150.41 -6.32
360.1010 123.23 146.70 -3.71 -5.45 -7.19 -6.32 0.00 0.65 150.41 -7.19
360.1955 123.23 146.70 -2.84 -5.45 -6.32 -6.32 0.00 0.66 149.54 -6.32
360.2937 123.23 146.70 -3.71 -5.45 -7.19 -6.32 0.00 0.70 150.41 -7.19
360.3877 123.23 146.70 -3.71 -5.45 -6.32 -6.32 0.00 0.66 150.41 -6.32
360.4854 122.36 146.70 -3.71 -5.45 -7.19 -6.32 0.00 0.65 150.41 -7.19
360.5887 123.23 146.70 -3.71 -5.45 -7.19 -6.32 0.00 0.65 150.41 -7.19
360.6823 122.36 146.70 -3.71 -5.45 -7.19 -6.32 0.00 0.66 150.41 -7.19
360.7795 123.23 146.70 -3.71 -5.45 -7.19 -6.32 0.00 0.65 150.41 -7.19
360.8796 123.23 146.70 -3.71 -5.45 -5.45 -6.32 0.01 0.65 150.41 -5.45
360.9818 123.23 146.70 -4.58 -5.45 -5.45 -6.32 0.00 0.65 151.28 -5.45
390.0296 123.23 161.48 4.12 -5.45 -7.19 -6.32 0.02 1.17 157.37 -7.19
390.1277 123.23 161.48 4.12 -5.45 -7.19 -6.32 0.02 1.18 157.37 -7.19
390.2246 123.23 160.61 3.25 -5.45 -7.19 -6.32 0.02 1.18 157.37 -7.19
390.3243 123.23 161.48 4.12 -5.45 -7.19 -6.32 0.00 1.17 157.37 -7.19
390.4224 123.23 160.61 4.12 -5.45 -7.19 -6.32 0.00 1.18 156.50 -7.19
390.5167 123.23 161.48 4.12 -5.45 -6.32 -6.32 0.00 1.18 157.37 -6.32
390.6141 123.23 161.48 4.12 -5.45 -7.19 -6.32 0.00 1.17 157.37 -7.19
390.7179 123.23 161.48 4.12 -5.45 -7.19 -6.32 0.01 1.16 157.37 -7.19
390.8156 122.36 160.61 3.25 -6.32 -7.19 -7.19 0.03 1.16 157.37 -7.19
390.9137 122.36 160.61 3.25 -6.32 -7.19 -6.32 0.00 1.17 157.37 -7.19
420.0186 122.36 172.79 29.33 -5.45 -7.19 -6.32 0.07 2.13 143.46 -7.19
420.1184 122.36 172.79 28.46 -5.45 -7.19 -6.32 0.07 2.17 144.32 -7.19
420.2160 122.36 171.92 28.46 -5.45 -7.19 -6.32 0.02 2.19 143.46 -7.19
420.3136 122.36 171.92 28.46 -5.45 -7.19 -6.32 0.13 2.18 143.46 -7.19
420.4086 122.36 171.92 28.46 -5.45 -7.19 -6.32 0.05 2.15 143.46 -7.19
420.5005 123.23 172.79 29.33 -4.58 -7.19 -6.32 0.10 2.17 143.46 -7.19
420.5922 122.36 172.79 29.33 -5.45 -6.32 -6.32 0.11 2.18 143.46 -6.32
420.6907 123.23 172.79 29.33 -5.45 -7.19 -6.32 0.06 2.17 143.46 -7.19
420.7897 123.23 172.79 29.33 -5.45 -6.32 -6.32 0.07 2.18 143.46 -6.32
420.8859 123.23 172.79 29.33 -5.45 -7.19 -6.32 0.03 2.19 143.46 -7.19
420.9880 122.36 172.79 29.33 -5.45 -7.19 -6.32 0.03 2.17 143.46 -7.19
450.0889 122.36 172.79 30.20 -5.45 -7.19 -6.32 0.07 2.20 142.59 -7.19
450.1838 122.36 171.92 30.20 -5.45 -7.19 -6.32 0.14 2.19 141.72 -7.19
450.2826 122.36 172.79 30.20 -5.45 -7.19 -6.32 0.11 2.20 142.59 -7.19
450.3800 122.36 172.79 30.20 -5.45 -7.19 -6.32 0.09 2.21 142.59 -7.19
450.4755 122.36 172.79 30.20 -5.45 -7.19 -6.32 0.07 2.18 142.59 -7.19
450.5738 122.36 172.79 30.20 -5.45 -7.19 -6.32 0.05 2.19 142.59 -7.19
450.6662 122.36 172.79 30.20 -5.45 -7.19 -6.32 0.07 2.18 142.59 -7.19
450.7619 122.36 171.92 30.20 -5.45 -7.19 -6.32 0.04 2.18 141.72 -7.19
450.8604 122.36 171.92 30.20 -5.45 -7.19 -6.32 0.12 2.24 141.72 -7.19
450.9666 122.36 172.79 30.20 -5.45 -7.19 -6.32 0.02 2.21 142.59 -7.19
480.0830 122.36 171.92 30.20 -5.45 -6.32 -6.32 0.13 2.18 141.72 -6.32
time[sec] P_G1 [KPa] P_D1 [KPa] P_S1 [KPa] P_G2 [KPa] P_D2 [KPa] P_Act [KPa] Q1 [M^3/s] Q2 [M^3/s] P_DS1 [KPa] P_DS2 [KPa]
07 15 19 14:38:05
30.0655 93.67 -6.32 -7.19 -5.45 -6.32 -6.32 0.00 0.23 0.87 -6.32
60.0931 91.93 4.99 -8.92 -6.32 -7.19 -6.32 0.00 0.00 13.91 -7.19
90.0047 93.67 20.64 -7.19 -4.58 -6.32 -6.32 0.00 0.02 27.82 -6.32
90.0993 93.67 19.77 -8.06 -5.45 -7.19 -6.32 0.00 0.01 27.82 -7.19
120.0033 92.80 33.68 -8.92 -6.32 -7.19 -6.32 0.00 0.00 42.60 -7.19
150.0942 92.80 47.59 -8.06 -5.45 -7.19 -6.32 0.00 0.00 55.64 -7.19
180.0515 92.80 61.50 -8.06 -5.45 -7.19 -6.32 0.00 0.00 69.55 -7.19
210.0954 93.67 76.28 -8.06 -5.45 -6.32 -6.32 0.00 0.16 84.33 -6.32
240.0557 92.80 89.32 -7.19 -5.45 -6.32 -6.32 0.00 0.21 96.51 -6.32
270.0422 92.80 104.97 -6.32 -5.45 -7.19 -6.32 0.00 0.39 111.29 -7.19
300.0921 92.80 118.88 -3.71 -5.45 -6.32 -6.32 0.00 0.64 122.59 -6.32
330.0074 91.93 134.53 6.72 -5.45 -6.32 -5.45 0.00 1.27 127.81 -6.32
360.0280 85.84 126.71 52.80 -5.45 -5.45 -6.32 0.13 3.10 73.90 -5.45
390.0702 86.71 110.19 75.41 -5.45 -7.19 -6.32 0.06 3.00 34.78 -7.19
420.0109 86.71 120.62 55.41 -5.45 -6.32 -6.32 0.22 3.11 65.21 -6.32
450.0821 85.84 125.84 55.41 -5.45 -8.06 -6.32 0.23 3.02 70.42 -8.06
480.0508 86.71 110.19 75.41 -5.45 -7.19 -7.19 0.07 3.02 34.78 -7.19
time[sec] P_G1 [KPa] P_D1 [KPa] P_S1 [KPa] P_G2 [KPa] P_D2 [KPa] P_Act [KPa] Q1 [M^3/s] Q2 [M^3/s] P_DS1 [KPa] P_DS2 [KPa]
07 15 19 14:49:32
30.0958 64.11 -7.19 -8.06 -5.45 -7.19 -6.32 0.00 0.00 0.87 -7.19
60.0651 63.24 6.72 -8.06 -5.45 -6.32 -6.32 0.00 0.05 14.78 -6.32
90.0144 64.11 20.64 -8.06 -5.45 -7.19 -6.32 0.00 0.00 28.69 -7.19
120.0933 63.24 33.68 -8.06 -5.45 -6.32 -6.32 0.00 0.01 41.73 -6.32
150.0719 62.37 47.59 -8.06 -5.45 -7.19 -6.32 0.00 0.15 55.64 -7.19
180.0070 63.24 62.37 -7.19 -5.45 -7.19 -6.32 0.00 0.24 69.55 -7.19
210.0171 63.24 75.41 -6.32 -5.45 -7.19 -6.32 0.00 0.37 81.73 -7.19
240.0816 64.98 91.93 -1.97 -4.58 -6.32 -5.45 0.02 0.67 93.90 -6.32
270.0377 62.37 104.10 7.59 -5.45 -7.19 -6.32 0.00 1.36 96.51 -7.19
300.0511 58.02 92.80 74.54 -5.45 -7.19 -6.32 0.08 3.32 18.26 -7.19
330.0871 58.89 93.67 74.54 -5.45 -7.19 -6.32 0.12 3.34 19.13 -7.19
360.0239 58.02 92.80 74.54 -5.45 -5.45 -6.32 0.24 3.31 18.26 -5.45
390.0740 60.63 96.28 77.15 -4.58 -6.32 -5.45 0.11 3.26 19.13 -6.32
420.0001 60.63 95.41 77.15 -3.71 -5.45 -5.45 0.19 3.28 18.26 -5.45
420.0989 60.63 95.41 77.15 -4.58 -5.45 -5.45 0.22 3.29 18.26 -5.45
450.0204 57.15 91.93 73.67 -5.45 -7.19 -7.19 0.24 3.23 18.26 -7.19
480.0892 57.15 92.80 74.54 -5.45 -7.19 -7.19 0.20 3.29 18.26 -7.19
