time[sec] P_G1 [KPa] P_D1 [KPa] P_S1 [KPa] P_G2 [KPa] P_D2 [KPa] P_Act [KPa] Q1 [M^3/s] Q2 [M^3/s] P_DS1 [KPa] P_DS2 [KPa]
08 02 19 09:13:53
0.0000 1.64 0.64 1.26 0.14 0.01 1.14 0.00 0.00 -0.63 0.01
0.2452 13.65 0.64 1.14 0.01 0.01 1.01 0.00 0.00 -0.50 0.01
0.3570 17.40 0.64 1.14 0.01 0.01 1.14 0.00 0.00 -0.50 0.01
0.4755 19.53 0.64 1.14 0.01 0.01 1.14 0.00 0.00 -0.50 0.01
0.5915 20.53 0.64 1.14 0.01 0.01 1.01 0.00 0.00 -0.50 0.01
0.7091 21.03 0.64 1.14 0.01 0.01 1.14 0.00 0.00 -0.50 0.01
0.8232 21.16 0.64 1.01 0.14 0.01 1.01 0.00 0.00 -0.38 0.01
0.9348 21.16 0.64 1.14 0.01 0.01 1.14 0.00 0.00 -0.50 0.01
1.0420 21.16 0.64 1.14 0.01 0.01 1.14 0.00 0.00 -0.50 0.01
1.1506 21.16 0.64 1.14 0.01 0.01 1.01 0.00 0.00 -0.50 0.01
1.2609 21.03 0.64 1.01 0.01 0.01 1.01 0.00 0.00 -0.38 0.01
1.3722 21.16 0.64 1.14 0.01 0.01 1.01 0.00 0.00 -0.50 0.01
1.4840 21.16 0.64 1.14 0.14 0.01 1.01 0.00 0.00 -0.50 0.01
1.5971 21.03 0.64 1.01 0.01 0.01 1.14 0.00 0.00 -0.38 0.01
1.7088 21.03 0.64 1.14 0.01 0.01 1.14 0.00 0.00 -0.50 0.01
1.8220 21.03 0.64 1.01 0.14 0.01 1.14 0.00 0.00 -0.38 0.01
1.9336 21.03 0.64 1.01 0.01 0.01 1.01 0.00 0.00 -0.38 0.01
2.0439 21.03 0.51 1.14 0.01 0.01 1.01 0.00 0.00 -0.63 0.01
2.1561 21.03 0.51 1.01 0.14 -0.11 1.14 0.00 0.00 -0.50 -0.11
2.2716 21.03 0.64 1.01 0.01 0.01 1.01 0.00 0.00 -0.38 0.01
2.3845 21.03 0.64 1.14 0.01 0.01 1.14 0.00 0.00 -0.50 0.01
2.4968 21.03 0.64 1.14 0.01 0.01 1.14 0.00 0.00 -0.50 0.01
2.6142 21.03 0.64 1.14 0.14 0.01 1.14 0.00 0.00 -0.50 0.01
2.7242 21.03 0.51 1.14 0.01 0.01 1.14 0.00 0.00 -0.63 0.01
2.8317 21.03 0.64 1.01 0.01 0.01 1.14 0.00 0.00 -0.38 0.01
2.9421 21.03 0.64 1.14 0.14 0.01 1.14 0.00 0.00 -0.50 0.01
3.0483 21.03 0.64 1.01 0.01 0.01 1.14 0.00 0.00 -0.38 0.01
3.1613 20.91 0.64 1.14 0.01 0.01 1.14 0.00 0.00 -0.50 0.01
3.2742 21.03 0.51 1.14 0.01 0.01 1.14 0.00 0.00 -0.63 0.01
3.3849 21.16 0.64 1.01 0.01 0.01 1.01 0.00 0.00 -0.38 0.01
3.4941 21.03 0.64 1.14 0.14 0.01 1.01 0.00 0.00 -0.50 0.01
3.6046 20.91 0.64 1.14 0.14 0.01 1.14 0.00 0.00 -0.50 0.01
3.7160 21.03 0.64 1.14 0.01 0.01 1.01 0.00 0.00 -0.50 0.01
3.8256 21.03 0.51 1.14 0.14 0.01 1.01 0.00 0.00 -0.63 0.01
3.9356 21.03 0.64 1.14 0.14 -0.11 1.01 0.00 0.00 -0.50 -0.11
4.0442 20.91 0.51 1.14 0.14 0.01 1.01 0.00 0.00 -0.63 0.01
4.1530 21.03 0.64 1.14 0.01 0.01 1.14 0.00 0.00 -0.50 0.01
4.2631 20.91 0.64 1.14 0.14 0.01 1.14 0.00 0.00 -0.50 0.01
4.3740 21.03 0.64 1.14 0.01 0.01 1.14 0.00 0.00 -0.50 0.01
4.4862 20.91 0.64 1.14 0.01 0.01 1.14 0.00 0.00 -0.50 0.01
4.6045 20.91 0.64 1.14 0.14 0.01 1.01 0.00 0.00 -0.50 0.01
4.7156 20.91 0.64 1.01 0.01 0.01 1.14 0.00 0.00 -0.38 0.01
4.8215 20.91 0.51 1.14 0.14 0.01 1.01 0.00 0.00 -0.63 0.01
4.9307 20.91 0.51 1.01 0.01 0.01 1.01 0.00 0.00 -0.50 0.01
5.0362 21.03 0.64 1.01 0.01 0.01 1.14 0.00 0.00 -0.38 0.01
5.1434 20.91 0.51 1.14 0.01 0.01 1.01 0.00 0.00 -0.63 0.01
5.2517 20.91 12.90 1.14 0.01 0.01 1.01 0.00 0.00 11.76 0.01
5.3614 21.28 15.65 1.01 0.01 0.01 1.01 0.00 0.00 14.64 0.01
5.4713 21.16 16.03 1.14 0.01 0.01 1.01 0.00 0.00 14.89 0.01
5.5781 21.03 16.28 1.01 0.14 0.01 1.14 0.00 0.00 15.26 0.01
5.6937 21.03 16.53 1.14 0.14 0.01 1.14 0.00 0.00 15.39 0.01
5.8040 21.03 16.78 1.14 0.01 0.01 1.14 0.00 0.00 15.64 0.01
5.9154 21.03 17.03 1.14 0.01 0.01 1.14 0.00 0.00 15.89 0.01
6.0265 21.03 17.15 1.14 0.01 0.01 1.01 0.00 0.00 16.02 0.01
6.1376 21.03 17.28 1.01 0.01 0.01 1.14 0.00 0.00 16.27 0.01
6.2467 20.91 17.28 1.01 0.01 0.01 1.01 0.00 0.00 16.27 0.01
6.3581 20.91 17.28 1.01 0.01 0.01 1.01 0.00 0.00 16.27 0.01
6.4681 20.91 17.28 1.14 0.01 0.01 1.14 0.00 0.00 16.14 0.01
6.5798 20.91 17.28 1.14 0.01 0.01 1.14 0.00 0.00 16.14 0.01
6.7013 20.78 17.28 1.14 0.01 0.01 1.14 0.00 0.00 16.14 0.01
6.8086 20.91 17.28 1.14 0.01 0.01 1.14 0.00 0.00 16.14 0.01
6.9152 20.91 17.15 1.14 0.14 0.01 1.01 0.00 0.00 16.02 0.01
7.0285 20.91 17.15 1.01 0.14 0.01 1.01 0.00 0.00 16.14 0.01
7.1401 20.91 17.15 1.14 0.14 0.01 1.14 0.00 0.00 16.02 0.01
7.2467 20.91 17.15 1.01 0.01 -0.11 1.01 0.00 0.00 16.14 -0.11
7.3559 20.91 17.15 1.14 0.14 0.01 1.01 0.00 0.00 16.02 0.01
7.4684 20.91 17.28 1.14 0.01 0.01 1.01 0.00 0.00 16.14 0.01
7.5713 20.91 17.28 1.01 0.01 0.01 1.14 0.00 0.00 16.27 0.01
7.6848 20.91 17.15 1.14 0.01 0.01 1.01 0.00 0.00 16.02 0.01
7.7914 20.91 17.28 1.01 0.14 0.01 1.01 0.00 0.00 16.27 0.01
7.9045 20.91 17.15 1.14 -0.11 0.01 1.14 0.00 0.00 16.02 0.01
8.0118 20.91 17.28 1.14 0.14 0.01 1.01 0.00 0.00 16.14 0.01
8.1229 20.91 17.28 1.14 0.01 0.01 1.01 0.00 0.00 16.14 0.01
8.2335 20.91 17.15 1.14 0.01 0.01 1.01 0.00 0.00 16.02 0.01
8.3409 20.91 17.28 1.01 0.14 0.01 1.01 0.00 0.00 16.27 0.01
8.4561 20.91 17.28 1.14 0.01 0.01 1.14 0.00 0.00 16.14 0.01
8.5654 21.03 17.15 1.26 0.01 0.01 1.14 0.00 0.00 15.89 0.01
8.6804 20.91 17.15 1.01 0.01 0.01 1.01 0.00 0.00 16.14 0.01
8.7910 20.91 17.15 1.14 0.14 0.01 1.01 0.00 0.00 16.02 0.01
8.9047 20.91 17.15 1.14 0.01 -0.11 1.14 0.00 0.00 16.02 -0.11
9.0132 20.66 17.03 1.14 0.14 0.01 1.14 0.00 0.00 15.89 0.01
9.1260 20.91 17.15 1.14 0.14 0.01 1.01 0.00 0.00 16.02 0.01
9.2378 20.91 17.15 1.14 0.01 0.01 1.14 0.00 0.00 16.02 0.01
9.3437 20.78 17.15 1.14 0.01 0.01 1.14 0.00 0.00 16.02 0.01
9.4502 20.91 17.15 1.14 0.01 0.01 1.01 0.00 0.00 16.02 0.01
9.5594 20.78 17.15 1.01 0.01 0.01 1.14 0.00 0.00 16.14 0.01
9.6758 20.78 17.15 1.26 0.01 0.01 1.01 0.00 0.00 15.89 0.01
9.7865 20.78 17.15 1.14 0.01 0.01 1.01 0.00 0.00 16.02 0.01
9.8927 20.91 17.15 1.14 0.01 0.01 1.14 0.00 0.00 16.02 0.01
9.9978 20.91 17.15 1.14 0.01 0.01 1.01 0.00 0.00 16.02 0.01
10.1046 20.78 17.15 1.01 0.01 0.01 1.01 0.00 0.00 16.14 0.01
10.2119 20.91 17.15 1.01 0.14 0.01 1.01 0.00 0.00 16.14 0.01
10.3226 20.78 17.15 1.14 0.01 0.01 1.14 0.00 0.00 16.02 0.01
10.4301 20.78 17.15 1.14 0.01 0.01 1.14 0.00 0.00 16.02 0.01
10.5302 20.91 17.15 1.14 0.14 0.01 1.01 0.00 0.00 16.02 0.01
10.6487 20.91 17.15 1.14 0.01 0.01 1.14 0.00 0.00 16.02 0.01
10.7605 20.91 17.15 1.14 0.01 0.01 1.14 0.00 0.00 16.02 0.01
10.8698 20.78 17.15 1.26 0.01 0.01 1.14 0.00 0.00 15.89 0.01
10.9824 20.78 17.15 1.14 0.01 0.01 1.14 0.00 0.00 16.02 0.01
11.0966 20.91 17.03 1.14 0.01 0.01 1.01 0.00 0.00 15.89 0.01
11.2055 20.78 17.03 1.14 0.01 0.01 1.14 0.00 0.00 15.89 0.01
11.3127 20.91 17.15 1.14 0.01 0.01 1.14 0.00 0.00 16.02 0.01
11.4243 20.91 17.15 1.26 0.01 0.01 1.01 0.00 0.00 15.89 0.01
11.5289 20.78 17.15 1.14 0.01 0.01 1.14 0.00 0.00 16.02 0.01
11.6424 20.91 17.15 1.01 0.01 0.14 1.01 0.00 0.00 16.14 0.14
11.7475 20.78 17.15 1.01 0.01 0.01 1.01 0.00 0.00 16.14 0.01
11.8565 20.78 17.15 1.14 0.01 0.01 1.14 0.00 0.00 16.02 0.01
11.9637 20.78 17.15 1.14 0.01 0.01 1.14 0.00 0.00 16.02 0.01
12.0756 20.78 17.15 1.01 0.01 0.01 1.14 0.00 0.00 16.14 0.01
12.1858 20.78 17.15 1.14 0.01 0.01 1.14 0.00 0.00 16.02 0.01
12.2961 20.91 17.15 1.14 0.14 0.01 1.01 0.00 0.00 16.02 0.01
12.4062 20.78 17.15 1.14 0.01 0.01 1.14 0.00 0.00 16.02 0.01
12.5180 20.78 17.15 1.14 0.01 0.01 1.01 0.00 0.00 16.02 0.01
12.6374 20.78 17.15 1.01 0.01 0.01 1.14 0.00 0.00 16.14 0.01
12.7462 20.91 17.03 1.01 0.01 0.01 1.14 0.00 0.00 16.02 0.01
12.8563 20.91 17.15 1.14 0.01 0.01 1.01 0.00 0.00 16.02 0.01
12.9724 20.91 17.15 1.14 0.01 -0.11 1.14 0.00 0.00 16.02 -0.11
13.0785 20.91 17.15 1.14 0.14 0.01 1.14 0.00 0.00 16.02 0.01
13.1883 20.78 17.15 1.14 0.14 0.01 1.01 0.00 0.00 16.02 0.01
13.2991 20.91 17.15 1.14 0.01 0.01 1.14 0.00 0.00 16.02 0.01
13.4115 20.91 17.15 1.14 0.01 -0.11 1.01 0.00 0.00 16.02 -0.11
13.5140 20.78 17.03 1.14 0.01 0.01 1.01 0.00 0.00 15.89 0.01
13.6276 20.78 17.15 1.14 0.14 0.01 1.14 0.00 0.00 16.02 0.01
13.7378 20.91 17.03 1.14 0.01 0.01 1.14 0.00 0.00 15.89 0.01
13.8532 20.91 17.03 1.14 0.14 0.01 1.14 0.00 0.00 15.89 0.01
13.9678 20.91 17.03 1.14 0.01 0.01 1.14 0.00 0.00 15.89 0.01
14.0793 20.91 17.03 1.14 0.01 0.01 1.01 0.00 0.00 15.89 0.01
14.1851 20.91 17.15 1.14 0.01 0.01 1.14 0.00 0.00 16.02 0.01
14.2949 20.78 17.15 1.01 0.14 0.01 1.14 0.00 0.00 16.14 0.01
14.4040 20.78 17.15 1.01 0.14 0.01 1.14 0.00 0.00 16.14 0.01
14.5090 20.91 17.15 1.14 0.14 0.01 1.01 0.00 0.00 16.02 0.01
14.6267 20.91 17.03 1.14 0.14 0.01 1.01 0.00 0.00 15.89 0.01
14.7369 20.91 17.15 1.01 0.01 0.01 1.14 0.00 0.00 16.14 0.01
14.8468 20.78 17.15 1.14 0.01 0.01 1.01 0.00 0.00 16.02 0.01
14.9586 20.91 17.15 1.14 0.01 0.01 0.89 0.00 0.00 16.02 0.01
15.0719 20.91 17.15 1.14 0.01 0.01 1.01 0.00 0.00 16.02 0.01
15.1854 20.91 17.03 1.01 0.01 0.01 1.01 0.00 0.00 16.02 0.01
15.2948 20.78 17.15 1.14 0.01 0.01 1.14 0.00 0.00 16.02 0.01
15.4015 20.78 17.15 1.14 0.01 0.01 1.01 0.00 0.00 16.02 0.01
15.5094 20.78 17.03 1.14 0.01 0.01 1.14 0.00 0.00 15.89 0.01
15.6206 20.78 17.15 1.14 0.01 0.01 1.14 0.00 0.00 16.02 0.01
15.7328 20.78 17.15 1.14 0.01 0.01 1.01 0.00 0.00 16.02 0.01
15.8424 20.78 17.15 1.14 0.14 0.01 1.14 0.00 0.00 16.02 0.01
15.9544 20.53 17.15 1.26 0.01 0.01 1.01 0.00 0.00 15.89 0.01
16.0607 20.91 17.15 1.14 0.01 0.01 1.01 0.00 0.00 16.02 0.01
16.1700 20.91 17.15 1.14 0.14 0.01 1.14 0.00 0.00 16.02 0.01
16.2875 20.78 17.15 1.14 0.01 0.01 1.01 0.00 0.00 16.02 0.01
16.3884 20.53 17.15 1.14 0.01 0.01 1.14 0.00 0.00 16.02 0.01
16.4909 20.91 17.15 1.26 0.01 0.01 1.01 0.00 0.00 15.89 0.01
16.6051 20.78 17.15 1.14 0.01 0.01 1.14 0.00 0.00 16.02 0.01
16.7173 20.78 17.15 1.14 0.14 0.14 1.14 0.00 0.00 16.02 0.14
16.8258 20.78 17.15 1.14 0.01 0.01 1.01 0.00 0.00 16.02 0.01
16.9375 20.91 17.15 1.14 0.01 0.01 1.01 0.00 0.00 16.02 0.01
17.0492 20.91 17.15 1.26 0.01 0.01 1.14 0.00 0.00 15.89 0.01
17.1536 20.78 17.15 1.14 0.01 0.01 1.14 0.00 0.00 16.02 0.01
17.2645 20.91 17.15 1.14 0.01 0.01 1.14 0.00 0.00 16.02 0.01
17.3754 20.78 17.15 1.26 0.01 0.01 1.14 0.00 0.00 15.89 0.01
17.4868 20.78 17.15 1.14 0.01 0.01 1.01 0.00 0.00 16.02 0.01
17.6020 20.78 17.15 1.01 0.01 0.01 1.14 0.00 0.00 16.14 0.01
17.7119 20.78 17.03 1.14 0.01 0.01 1.01 0.00 0.00 15.89 0.01
17.8228 20.91 17.15 1.14 0.01 0.01 1.01 0.00 0.00 16.02 0.01
17.9328 20.78 17.03 1.14 0.01 0.01 1.01 0.00 0.00 15.89 0.01
18.0387 20.78 17.15 1.01 0.14 0.01 1.01 0.00 0.00 16.14 0.01
18.1414 20.78 17.15 1.14 0.01 0.01 1.14 0.00 0.00 16.02 0.01
18.2486 20.78 17.15 1.14 0.14 0.01 1.01 0.00 0.00 16.02 0.01
18.3565 20.91 17.03 1.14 0.01 0.01 1.14 0.00 0.00 15.89 0.01
18.4655 20.78 17.15 1.14 0.01 0.01 1.14 0.00 0.00 16.02 0.01
18.5716 20.78 17.15 1.14 0.01 0.01 1.01 0.00 0.00 16.02 0.01
18.6863 20.78 17.15 1.14 0.01 0.01 1.01 0.00 0.00 16.02 0.01
18.7911 20.78 17.15 1.14 0.14 0.01 1.01 0.00 0.00 16.02 0.01
18.9017 20.78 17.15 1.14 0.14 0.01 1.01 0.00 0.00 16.02 0.01
19.0120 20.78 17.15 1.01 0.14 0.01 1.14 0.00 0.00 16.14 0.01
19.1211 20.78 17.15 1.26 0.01 0.01 1.01 0.00 0.00 15.89 0.01
19.2297 20.78 17.03 1.01 0.01 0.01 1.01 0.00 0.00 16.02 0.01
19.3361 20.78 17.03 1.14 0.01 0.01 1.14 0.00 0.00 15.89 0.01
19.4456 20.78 17.15 1.14 0.14 0.01 1.01 0.00 0.00 16.02 0.01
19.5575 20.78 17.15 1.14 0.01 0.01 1.14 0.00 0.00 16.02 0.01
19.6768 20.78 17.15 1.14 0.01 0.01 1.01 0.00 0.00 16.02 0.01
19.7839 20.78 17.15 1.01 0.01 0.01 1.14 0.00 0.00 16.14 0.01
19.8944 20.78 17.15 1.14 0.01 0.01 1.14 0.00 0.00 16.02 0.01
20.0108 20.78 17.15 1.14 0.01 -0.11 1.01 0.00 0.00 16.02 -0.11
20.1158 20.78 17.15 1.14 0.01 0.01 1.01 0.00 0.00 16.02 0.01
20.2253 20.78 17.15 1.26 0.14 0.01 1.01 0.00 0.00 15.89 0.01
20.3347 20.78 17.15 1.14 0.01 0.01 1.01 0.00 0.00 16.02 0.01
20.4425 20.78 17.15 1.14 0.14 0.01 1.14 0.00 0.00 16.02 0.01
20.5499 20.78 17.15 1.14 0.14 0.01 1.01 0.00 0.00 16.02 0.01
20.6606 20.78 17.15 1.14 0.01 0.01 1.01 0.00 0.00 16.02 0.01
20.7715 20.78 17.15 1.14 0.01 0.01 1.14 0.00 0.00 16.02 0.01
20.8814 20.78 17.15 1.14 0.14 0.01 1.14 0.00 0.00 16.02 0.01
20.9904 20.78 17.15 0.89 0.01 0.01 1.14 0.00 0.00 16.27 0.01
21.0999 20.78 17.15 1.14 0.01 0.01 1.01 0.00 0.00 16.02 0.01
21.2086 20.78 17.15 1.14 0.01 0.01 1.01 0.00 0.00 16.02 0.01
21.3239 20.78 17.03 1.14 0.14 0.01 1.14 0.00 0.00 15.89 0.01
21.4303 20.91 17.03 1.01 0.14 0.01 1.01 0.00 0.00 16.02 0.01
21.5379 20.78 17.15 1.14 0.14 0.01 1.01 0.00 0.00 16.02 0.01
21.6505 20.78 17.03 1.14 0.01 0.01 1.01 0.00 0.00 15.89 0.01
21.7587 20.78 17.03 1.14 0.01 0.01 1.01 0.00 0.00 15.89 0.01
21.8649 20.78 17.15 1.14 0.14 0.01 1.14 0.00 0.00 16.02 0.01
21.9759 20.78 17.03 1.14 0.14 0.01 1.01 0.00 0.00 15.89 0.01
22.0860 20.78 17.15 1.14 0.01 0.01 1.01 0.00 0.00 16.02 0.01
22.1958 20.78 17.15 1.26 0.01 0.01 1.14 0.00 0.00 15.89 0.01
22.3058 20.78 17.03 1.14 0.01 0.01 1.14 0.00 0.00 15.89 0.01
22.4130 20.78 17.03 1.14 0.01 0.01 1.14 0.00 0.00 15.89 0.01
22.5156 20.78 17.15 1.01 0.14 0.01 1.01 0.00 0.00 16.14 0.01
22.6271 20.78 17.15 1.01 0.01 0.01 0.76 0.00 0.00 16.14 0.01
22.7373 20.78 17.15 1.14 0.14 0.01 1.14 0.00 0.00 16.02 0.01
22.8462 20.78 17.15 1.01 0.01 0.01 1.14 0.00 0.00 16.14 0.01
22.9585 20.78 17.15 1.14 0.01 0.01 1.14 0.00 0.00 16.02 0.01
23.0647 20.78 17.03 1.14 0.01 0.01 1.01 0.00 0.00 15.89 0.01
23.1755 20.78 17.03 1.14 0.01 -0.11 1.14 0.00 0.00 15.89 -0.11
23.2817 20.78 17.03 1.14 0.14 0.01 1.14 0.00 0.00 15.89 0.01
23.3942 20.78 17.03 1.14 0.14 0.01 1.01 0.00 0.00 15.89 0.01
23.4997 20.78 17.03 1.01 0.01 0.01 1.01 0.00 0.00 16.02 0.01
23.6059 20.78 17.15 1.14 0.01 0.01 1.14 0.00 0.00 16.02 0.01
23.7120 20.78 17.03 1.14 0.01 0.01 1.14 0.00 0.00 15.89 0.01
23.8188 20.78 17.15 1.14 0.01 0.01 1.01 0.00 0.00 16.02 0.01
23.9286 20.78 17.15 1.14 0.01 -0.11 1.14 0.00 0.00 16.02 -0.11
24.0412 20.78 17.15 1.14 0.01 0.01 1.14 0.00 0.00 16.02 0.01
24.1419 20.78 17.03 1.26 0.01 0.01 1.26 0.00 0.00 15.77 0.01
24.2486 20.78 17.15 1.14 0.01 0.01 1.01 0.00 0.00 16.02 0.01
24.3551 20.78 17.15 1.14 0.01 0.01 1.01 0.00 0.00 16.02 0.01
24.4656 20.78 17.15 1.14 0.14 0.01 1.14 0.00 0.00 16.02 0.01
24.5727 20.91 17.15 1.14 0.01 0.01 1.01 0.00 0.00 16.02 0.01
24.6866 20.78 17.15 1.14 0.01 0.01 1.14 0.00 0.00 16.02 0.01
24.7970 20.78 17.03 1.14 0.14 0.01 1.14 0.00 0.00 15.89 0.01
24.8998 20.78 17.03 1.14 0.01 0.01 1.01 0.00 0.00 15.89 0.01
25.0107 20.78 17.15 1.26 0.01 0.01 1.14 0.00 0.00 15.89 0.01
25.1123 20.66 17.15 1.14 0.01 0.01 1.01 0.00 0.00 16.02 0.01
25.2224 20.78 17.15 1.14 0.01 0.01 1.14 0.00 0.00 16.02 0.01
25.3358 20.78 17.15 1.14 0.14 0.01 1.14 0.00 0.00 16.02 0.01
25.4493 20.78 17.15 1.01 0.01 0.01 1.14 0.00 0.00 16.14 0.01
25.5561 20.78 17.03 1.14 0.01 0.01 1.14 0.00 0.00 15.89 0.01
25.6696 20.78 17.15 1.14 0.14 0.01 1.01 0.00 0.00 16.02 0.01
25.7799 20.66 17.15 1.01 0.01 0.01 1.01 0.00 0.00 16.14 0.01
25.8939 20.78 17.15 1.26 0.14 0.01 1.14 0.00 0.00 15.89 0.01
26.0038 20.78 17.03 1.14 0.01 0.01 1.14 0.00 0.00 15.89 0.01
26.1127 20.78 17.15 1.01 0.14 0.01 1.01 0.00 0.00 16.14 0.01
26.2230 20.78 17.15 1.14 0.14 0.01 1.01 0.00 0.00 16.02 0.01
26.3338 20.78 17.15 1.01 0.01 0.01 1.01 0.00 0.00 16.14 0.01
26.4440 20.78 17.03 1.14 0.14 0.01 1.14 0.00 0.00 15.89 0.01
26.5525 20.78 17.15 1.14 0.01 0.01 1.14 0.00 0.00 16.02 0.01
26.6647 20.78 17.15 1.14 0.01 0.01 1.01 0.00 0.00 16.02 0.01
26.7792 20.78 17.15 1.14 0.01 0.01 1.14 0.00 0.00 16.02 0.01
26.8946 20.78 17.15 1.01 0.01 0.01 1.01 0.00 0.00 16.14 0.01
27.0033 20.78 17.15 1.14 0.14 0.01 1.14 0.00 0.00 16.02 0.01
27.1113 20.78 17.15 1.14 0.01 0.01 1.14 0.00 0.00 16.02 0.01
27.2139 20.78 17.15 1.01 0.01 0.01 1.14 0.00 0.00 16.14 0.01
27.3226 20.91 17.15 1.14 0.14 0.01 1.14 0.00 0.00 16.02 0.01
27.4269 20.78 17.15 1.14 0.14 0.01 1.01 0.00 0.00 16.02 0.01
27.5330 20.78 17.15 1.14 0.14 0.01 1.14 0.00 0.00 16.02 0.01
27.6477 20.78 17.15 1.14 0.14 0.01 1.01 0.00 0.00 16.02 0.01
27.7582 20.78 17.15 1.01 0.01 0.01 1.14 0.00 0.00 16.14 0.01
27.8686 20.78 17.03 1.14 0.01 0.01 1.14 0.00 0.00 15.89 0.01
27.9742 20.78 17.15 1.01 0.01 0.01 1.01 0.00 0.00 16.14 0.01
28.0862 20.78 17.15 1.14 0.01 0.01 1.14 0.00 0.00 16.02 0.01
28.1929 20.78 17.03 1.14 0.01 0.01 1.14 0.00 0.00 15.89 0.01
28.3056 20.78 17.03 1.01 0.14 0.01 1.01 0.00 0.00 16.02 0.01
28.4199 20.78 17.15 1.14 0.14 0.01 1.14 0.00 0.00 16.02 0.01
28.5508 20.78 17.15 1.01 0.01 0.01 1.01 0.00 0.00 16.14 0.01
28.7333 20.66 17.03 1.14 0.01 0.01 1.14 0.00 0.00 15.89 0.01
28.8438 20.78 17.15 1.14 0.01 0.01 1.01 0.00 0.00 16.02 0.01
28.9540 20.78 17.15 1.14 0.01 0.01 1.14 0.00 0.00 16.02 0.01
29.0598 20.91 17.15 1.01 0.01 0.01 1.01 0.00 0.00 16.14 0.01
29.1905 20.78 17.15 1.14 0.01 0.01 1.01 0.00 0.00 16.02 0.01
29.3073 20.78 17.15 1.14 0.14 0.01 1.14 0.00 0.00 16.02 0.01
29.4225 20.78 17.15 1.14 0.01 0.01 1.14 0.00 0.00 16.02 0.01
29.5289 20.78 17.15 1.14 0.01 0.01 1.14 0.00 0.00 16.02 0.01
29.6440 20.78 17.15 1.14 0.01 0.01 1.14 0.00 0.00 16.02 0.01
29.7750 20.78 17.15 1.14 0.14 0.01 1.01 0.00 0.00 16.02 0.01
29.8955 20.78 17.15 1.14 0.01 0.01 1.14 0.00 0.00 16.02 0.01
30.0066 20.66 17.15 1.14 0.01 0.01 1.14 0.00 0.00 16.02 0.01
30.1138 20.78 17.15 1.26 0.01 0.01 1.39 0.00 0.00 15.89 0.01
30.2238 20.78 17.15 1.14 0.01 0.01 1.14 0.00 0.00 16.02 0.01
30.3315 20.78 17.03 1.14 0.01 0.01 1.01 0.00 0.00 15.89 0.01
30.4370 20.78 17.15 1.26 0.14 -0.11 1.14 0.00 0.00 15.89 -0.11
30.5483 20.78 17.15 1.01 0.01 0.01 1.01 0.00 0.00 16.14 0.01
30.6633 20.66 17.15 1.14 0.14 0.01 1.14 0.00 0.00 16.02 0.01
30.7648 20.78 17.15 1.14 0.01 0.01 1.14 0.00 0.00 16.02 0.01
30.8697 20.78 17.15 1.14 0.01 0.01 1.01 0.00 0.00 16.02 0.01
30.9781 20.41 11.52 1.14 0.14 0.01 1.14 0.00 0.00 10.39 0.01
31.0868 20.03 4.14 1.14 0.01 0.01 1.14 0.00 0.00 3.00 0.01
31.1916 19.91 0.01 1.14 0.14 0.01 1.01 0.00 0.00 -1.13 0.01
31.3042 18.41 0.01 1.01 0.01 0.01 1.14 0.00 0.00 -1.00 0.01
31.4155 15.53 0.01 1.14 0.01 0.01 1.01 0.00 0.00 -1.13 0.01
31.5257 14.15 0.01 1.14 0.14 0.01 1.01 0.00 0.00 -1.13 0.01
31.6405 13.28 0.14 1.14 0.01 -0.11 1.01 0.00 0.00 -1.00 -0.11
31.7688 12.78 0.14 1.14 0.01 0.01 1.14 0.00 0.00 -1.00 0.01
31.9303 12.40 0.01 1.14 0.01 0.01 1.01 0.00 0.00 -1.13 0.01
32.0592 12.40 0.01 1.14 0.14 0.01 1.01 0.00 0.00 -1.13 0.01
32.1679 12.40 0.14 1.14 0.01 0.01 1.14 0.00 0.00 -1.00 0.01
32.2745 12.27 0.01 1.01 0.01 0.01 1.01 0.00 0.00 -1.00 0.01
32.3853 12.27 0.01 1.14 0.01 0.01 1.01 0.00 0.00 -1.13 0.01
32.4886 12.27 0.14 1.14 0.01 0.01 1.01 0.00 0.00 -1.00 0.01
32.6044 12.27 0.14 1.01 0.01 0.01 1.01 0.00 0.00 -0.88 0.01
32.7143 12.27 0.14 1.14 0.01 0.01 1.14 0.00 0.00 -1.00 0.01
32.8252 12.15 0.14 1.01 0.01 0.01 1.14 0.00 0.00 -0.88 0.01
32.9313 12.27 0.14 1.14 0.01 0.01 1.14 0.00 0.00 -1.00 0.01
33.0380 12.27 0.14 1.14 0.01 0.01 1.14 0.00 0.00 -1.00 0.01
33.1492 12.27 -0.11 1.14 0.01 0.01 1.01 0.00 0.00 -1.25 0.01
33.2587 12.27 0.14 1.14 0.14 0.01 1.14 0.00 0.00 -1.00 0.01
33.3678 12.27 0.14 1.14 0.01 0.01 1.01 0.00 0.00 -1.00 0.01
33.4733 12.27 0.14 1.14 0.14 0.01 1.01 0.00 0.00 -1.00 0.01
33.5851 12.15 0.14 1.14 0.01 0.01 1.14 0.00 0.00 -1.00 0.01
33.6986 12.27 0.14 1.01 0.01 0.14 1.01 0.00 0.00 -0.88 0.14
33.8081 12.27 0.14 1.14 0.14 0.01 1.01 0.00 0.00 -1.00 0.01
33.9167 12.27 0.14 1.01 0.01 0.01 1.01 0.00 0.00 -0.88 0.01
34.0259 12.27 0.01 1.01 0.01 0.01 1.01 0.00 0.00 -1.00 0.01
34.1327 12.27 0.14 1.14 0.01 0.01 1.14 0.00 0.00 -1.00 0.01
34.2417 12.15 0.01 1.14 0.14 0.01 1.14 0.00 0.00 -1.13 0.01
34.3488 12.15 0.01 1.14 0.01 0.01 1.14 0.00 0.00 -1.13 0.01
34.4581 12.40 0.01 1.14 0.01 0.01 1.26 0.00 0.00 -1.13 0.01
34.5694 12.15 0.01 1.14 0.14 0.01 1.01 0.00 0.00 -1.13 0.01
34.6848 12.15 0.01 1.14 0.01 0.01 1.14 0.00 0.00 -1.13 0.01
34.7946 12.15 0.14 1.14 0.14 0.01 1.01 0.00 0.00 -1.00 0.01
34.9063 12.15 0.01 1.14 0.14 0.01 1.01 0.00 0.00 -1.13 0.01
35.0158 12.27 0.01 1.14 0.01 0.01 1.14 0.00 0.00 -1.13 0.01
35.1273 12.27 0.14 1.14 0.01 0.01 1.14 0.00 0.00 -1.00 0.01
35.2381 12.15 0.14 1.26 0.01 0.01 1.01 0.00 0.00 -1.13 0.01
35.3469 12.27 0.01 1.14 0.01 0.01 1.01 0.00 0.00 -1.13 0.01
35.4595 12.15 0.01 1.14 0.01 0.01 1.01 0.00 0.00 -1.13 0.01
35.5714 12.15 0.14 1.14 0.01 0.01 1.14 0.00 0.00 -1.00 0.01
35.6805 12.27 0.01 1.01 0.14 0.01 1.01 0.00 0.00 -1.00 0.01
35.7901 12.27 0.01 1.14 0.14 0.01 1.01 0.00 0.00 -1.13 0.01
35.9048 12.15 0.14 1.14 0.01 0.01 1.01 0.00 0.00 -1.00 0.01
36.0195 12.15 0.14 1.14 0.14 0.01 1.14 0.00 0.00 -1.00 0.01
36.1304 12.27 0.14 1.14 0.01 0.01 1.01 0.00 0.00 -1.00 0.01
36.2447 12.27 0.14 1.01 0.14 0.01 1.01 0.00 0.00 -0.88 0.01
36.3550 12.15 0.01 1.26 0.01 0.01 1.01 0.00 0.00 -1.25 0.01
36.4653 12.15 0.14 1.14 0.01 0.01 1.14 0.00 0.00 -1.00 0.01
36.5756 12.15 0.14 1.14 0.01 0.01 1.01 0.00 0.00 -1.00 0.01
36.6918 12.15 0.01 1.14 0.01 0.01 1.14 0.00 0.00 -1.13 0.01
36.8014 12.15 0.14 1.01 0.14 0.01 1.01 0.00 0.00 -0.88 0.01
36.9085 12.15 0.14 1.14 0.14 0.01 1.01 0.00 0.00 -1.00 0.01
37.0188 12.15 0.01 1.14 0.01 0.01 1.14 0.00 0.00 -1.13 0.01
37.1300 12.27 0.14 1.01 0.14 0.01 1.01 0.00 0.00 -0.88 0.01
37.2393 12.15 0.14 1.14 0.01 0.01 1.01 0.00 0.00 -1.00 0.01
37.3477 12.27 0.01 1.14 0.01 0.01 1.01 0.00 0.00 -1.13 0.01
37.4537 12.15 0.14 1.01 0.01 0.01 1.01 0.00 0.00 -0.88 0.01
37.5604 12.15 0.01 1.01 0.01 0.01 1.14 0.00 0.00 -1.00 0.01
37.6751 12.15 0.14 1.14 0.14 0.01 1.01 0.00 0.00 -1.00 0.01
37.7853 12.27 0.14 1.14 0.01 0.01 1.14 0.00 0.00 -1.00 0.01
37.8964 12.27 0.01 1.01 0.01 0.01 1.14 0.00 0.00 -1.00 0.01
38.0068 12.15 0.01 1.14 0.14 0.01 1.14 0.00 0.00 -1.13 0.01
38.1135 12.15 0.01 1.01 0.01 0.01 1.14 0.00 0.00 -1.00 0.01
38.2250 12.15 0.01 1.14 0.14 0.01 1.01 0.00 0.00 -1.13 0.01
38.3338 12.15 0.14 1.14 0.01 0.01 1.01 0.00 0.00 -1.00 0.01
38.4486 12.15 0.01 1.14 0.01 0.01 1.14 0.00 0.00 -1.13 0.01
38.5578 12.15 0.14 1.01 0.01 0.01 1.01 0.00 0.00 -0.88 0.01
38.6710 12.15 0.14 1.14 0.01 0.01 1.01 0.00 0.00 -1.00 0.01
38.7793 12.15 0.01 1.01 0.01 0.14 1.01 0.00 0.00 -1.00 0.14
38.8898 12.15 0.14 1.14 0.01 0.01 1.01 0.00 0.00 -1.00 0.01
38.9958 12.15 0.01 1.01 0.01 0.01 1.14 0.00 0.00 -1.00 0.01
39.1000 12.15 0.14 1.14 0.01 0.01 1.14 0.00 0.00 -1.00 0.01
39.2110 12.15 0.14 1.14 0.01 0.01 1.01 0.00 0.00 -1.00 0.01
39.3211 12.15 0.01 1.01 0.01 0.01 1.14 0.00 0.00 -1.00 0.01
39.4276 12.15 0.14 1.01 0.01 0.01 1.01 0.00 0.00 -0.88 0.01
39.5366 12.15 0.14 1.14 0.01 0.01 1.14 0.00 0.00 -1.00 0.01
39.6471 12.15 0.01 1.14 0.01 0.01 1.14 0.00 0.00 -1.13 0.01
39.7611 12.15 0.01 1.14 0.01 0.01 1.14 0.00 0.00 -1.13 0.01
39.8655 12.15 0.01 1.14 0.01 0.01 1.14 0.00 0.00 -1.13 0.01
39.9783 12.15 0.01 1.14 0.01 0.01 1.01 0.00 0.00 -1.13 0.01
40.0850 12.15 0.01 1.14 0.01 0.01 1.01 0.00 0.00 -1.13 0.01
40.1889 12.02 0.14 1.14 0.01 0.01 1.14 0.00 0.00 -1.00 0.01
40.2992 12.15 0.14 1.14 0.01 0.01 1.14 0.00 0.00 -1.00 0.01
40.4144 12.02 0.14 1.01 0.01 0.01 1.14 0.00 0.00 -0.88 0.01
40.5243 12.15 0.14 1.14 0.14 0.01 1.01 0.00 0.00 -1.00 0.01
40.6380 12.15 0.01 1.14 0.01 0.01 1.01 0.00 0.00 -1.13 0.01
40.7469 12.15 0.14 1.01 0.14 0.01 1.14 0.00 0.00 -0.88 0.01
40.8565 12.15 0.14 1.14 0.01 0.01 1.01 0.00 0.00 -1.00 0.01
40.9625 12.15 0.01 1.14 0.14 0.01 1.01 0.00 0.00 -1.13 0.01
41.0690 12.15 0.14 1.14 0.01 0.01 1.01 0.00 0.00 -1.00 0.01
41.1801 12.15 0.14 1.14 0.14 0.01 1.01 0.00 0.00 -1.00 0.01
41.2887 12.15 0.14 1.14 0.14 0.01 1.14 0.00 0.00 -1.00 0.01
41.3992 12.15 0.14 1.14 0.14 0.01 1.01 0.00 0.00 -1.00 0.01
41.5077 12.15 0.14 1.14 0.01 0.01 1.01 0.00 0.00 -1.00 0.01
41.6236 12.15 0.14 1.14 0.01 0.01 1.14 0.00 0.00 -1.00 0.01
41.7291 12.15 0.14 1.14 0.14 0.01 1.01 0.00 0.00 -1.00 0.01
41.8366 12.15 0.14 1.01 0.14 0.01 1.14 0.00 0.00 -0.88 0.01
41.9471 12.15 0.01 1.01 0.01 0.01 1.01 0.00 0.00 -1.00 0.01
42.0548 12.15 0.14 1.14 0.01 0.01 1.01 0.00 0.00 -1.00 0.01
42.1681 12.02 0.01 1.01 0.01 0.01 1.14 0.00 0.00 -1.00 0.01
42.2796 12.15 0.14 1.14 0.01 0.01 1.01 0.00 0.00 -1.00 0.01
42.3835 12.15 0.14 1.01 0.01 0.01 1.01 0.00 0.00 -0.88 0.01
42.4951 12.15 0.14 1.14 -0.11 0.01 1.01 0.00 0.00 -1.00 0.01
42.6057 12.02 0.01 1.14 0.01 0.01 1.01 0.00 0.00 -1.13 0.01
42.7158 12.15 0.14 1.01 0.14 0.01 1.14 0.00 0.00 -0.88 0.01
42.8272 12.27 0.14 1.01 0.01 0.01 1.01 0.00 0.00 -0.88 0.01
42.9377 12.15 0.14 1.14 0.01 0.01 1.01 0.00 0.00 -1.00 0.01
43.0481 12.15 0.14 1.01 0.14 0.01 1.01 0.00 0.00 -0.88 0.01
43.1589 12.15 0.14 1.14 0.01 0.01 1.01 0.00 0.00 -1.00 0.01
43.2644 12.15 0.14 1.01 0.14 0.01 1.14 0.00 0.00 -0.88 0.01
43.3739 12.02 0.14 1.01 0.01 0.01 1.01 0.00 0.00 -0.88 0.01
43.4825 12.15 0.01 1.14 0.14 0.01 1.01 0.00 0.00 -1.13 0.01
43.5930 12.15 0.01 1.01 0.14 0.01 1.14 0.00 0.00 -1.00 0.01
43.7039 12.15 0.14 1.14 0.01 0.01 1.01 0.00 0.00 -1.00 0.01
43.8133 12.15 0.01 1.01 0.01 0.01 1.01 0.00 0.00 -1.00 0.01
43.9299 12.15 0.14 1.01 0.01 0.01 1.01 0.00 0.00 -0.88 0.01
44.0387 12.15 0.01 1.14 0.01 0.01 1.01 0.00 0.00 -1.13 0.01
44.1484 12.15 0.14 1.14 0.14 0.01 1.14 0.00 0.00 -1.00 0.01
44.2508 12.15 0.14 1.01 0.14 0.01 1.01 0.00 0.00 -0.88 0.01
