time[sec] P_G1 [Psi] P_D1 [Psi] P_S1 [Psi] P_G2 [Psi] P_D2 [Psi] P_Act [Psi] Q1 [ml/min] Q2 [ml/min] P_DS1 [Psi] P_DS2 [Psi]
10 07 19 14:57:41
22.4376 0.28 -0.14 -0.10 1.01 0.89 1.73 72.09 82.48 -0.05 0.89
52.2106 6.63 6.27 -0.11 1.03 0.89 1.75 41.54 23.83 6.38 0.89
81.9726 14.01 16.74 -0.18 1.01 0.87 1.69 37.01 56.56 16.93 0.87
111.9397 21.02 18.82 -0.08 1.00 0.89 1.48 34.21 51.67 18.89 0.89
141.9552 27.95 27.83 0.07 1.01 0.83 1.35 39.80 33.51 27.76 0.83
time[sec] P_G1 [Psi] P_D1 [Psi] P_S1 [Psi] P_G2 [Psi] P_D2 [Psi] P_Act [Psi] Q1 [ml/min] Q2 [ml/min] P_DS1 [Psi] P_DS2 [Psi]
10 07 19 15:00:51
22.1873 0.81 0.74 0.37 1.04 0.92 1.38 527.32 67.88 0.36 0.92
52.1834 7.08 9.29 0.26 1.04 0.89 1.62 447.21 48.88 9.02 0.89
81.2128 14.28 17.92 0.23 1.03 0.89 1.73 265.76 34.82 17.69 0.89
111.9568 21.10 20.05 0.17 1.03 0.89 1.73 205.98 28.63 19.88 0.89
141.2014 28.48 29.31 0.11 1.01 0.87 1.55 40.93 28.10 29.20 0.87
time[sec] P_G1 [Psi] P_D1 [Psi] P_S1 [Psi] P_G2 [Psi] P_D2 [Psi] P_Act [Psi] Q1 [ml/min] Q2 [ml/min] P_DS1 [Psi] P_DS2 [Psi]
10 07 19 15:04:03
21.9560 0.58 3.89 1.26 1.01 0.87 1.30 1864.26 72.62 2.63 0.87
51.5082 6.82 9.56 1.14 1.03 0.85 1.22 1678.61 42.36 8.42 0.85
82.1757 14.14 18.56 0.79 1.04 0.86 1.46 1227.87 28.78 17.77 0.86
111.9622 21.18 21.10 0.64 1.03 0.89 1.51 1031.98 25.14 20.47 0.89
141.9525 28.48 29.37 0.08 1.03 0.90 1.53 28.24 35.30 29.29 0.90
time[sec] P_G1 [Psi] P_D1 [Psi] P_S1 [Psi] P_G2 [Psi] P_D2 [Psi] P_Act [Psi] Q1 [ml/min] Q2 [ml/min] P_DS1 [Psi] P_DS2 [Psi]
10 07 19 15:07:02
21.9532 0.60 6.47 2.18 1.00 0.89 1.51 2688.17 76.11 4.29 0.89
51.9384 6.95 9.84 1.96 1.01 0.87 1.50 2510.82 27.23 7.88 0.87
81.9485 14.04 19.01 1.25 1.01 0.87 1.48 1797.24 43.99 17.77 0.87
111.9356 20.98 21.71 0.96 1.01 0.85 1.51 1504.68 49.57 20.75 0.85
141.9333 28.40 29.47 0.05 1.01 0.85 1.44 34.91 60.75 29.42 0.85
time[sec] P_G1 [Psi] P_D1 [Psi] P_S1 [Psi] P_G2 [Psi] P_D2 [Psi] P_Act [Psi] Q1 [ml/min] Q2 [ml/min] P_DS1 [Psi] P_DS2 [Psi]
10 07 19 15:10:02
21.9415 0.53 8.02 2.73 1.01 0.83 1.57 3580.51 66.33 5.29 0.83
51.9416 6.95 9.56 2.52 1.01 0.85 1.55 3451.33 39.10 7.04 0.85
81.4423 13.95 19.03 1.39 1.01 0.81 1.53 2490.84 37.27 17.64 0.81
111.4500 20.94 21.64 0.92 1.00 0.86 1.53 2032.01 46.43 20.72 0.86
141.9381 28.06 28.13 0.07 1.03 0.85 1.48 322.58 42.59 28.06 0.85
time[sec] P_G1 [Psi] P_D1 [Psi] P_S1 [Psi] P_G2 [Psi] P_D2 [Psi] P_Act [Psi] Q1 [ml/min] Q2 [ml/min] P_DS1 [Psi] P_DS2 [Psi]
10 07 19 15:13:12
21.9636 0.48 11.15 3.93 1.01 0.83 1.55 4123.73 61.44 7.22 0.83
50.8414 6.73 11.30 3.93 1.03 0.87 1.58 4075.16 34.76 7.37 0.87
81.9458 14.04 19.41 2.32 1.01 0.89 1.66 2802.68 38.40 17.09 0.89
111.8975 20.91 22.91 1.37 1.01 0.87 1.60 1999.02 37.70 21.54 0.87
141.9600 28.38 29.42 0.05 1.01 0.89 1.44 42.59 40.50 29.37 0.89
time[sec] P_G1 [Psi] P_D1 [Psi] P_S1 [Psi] P_G2 [Psi] P_D2 [Psi] P_Act [Psi] Q1 [ml/min] Q2 [ml/min] P_DS1 [Psi] P_DS2 [Psi]
10 07 19 15:16:38
21.9311 0.42 12.22 4.39 1.01 0.85 1.12 4407.90 73.31 7.83 0.85
51.9568 6.73 12.36 4.39 1.00 0.85 1.07 4366.01 39.10 7.97 0.85
81.9522 13.99 19.44 2.71 1.01 0.83 1.05 3061.02 38.40 16.73 0.83
111.9446 20.89 23.19 1.55 1.01 0.86 1.01 2160.31 38.49 21.65 0.86
141.2152 28.32 29.24 0.09 1.01 0.87 1.00 37.88 35.43 29.15 0.87
time[sec] P_G1 [Psi] P_D1 [Psi] P_S1 [Psi] P_G2 [Psi] P_D2 [Psi] P_Act [Psi] Q1 [ml/min] Q2 [ml/min] P_DS1 [Psi] P_DS2 [Psi]
10 07 19 15:20:33
21.9541 1.01 12.02 4.30 1.05 0.91 1.03 4310.15 73.31 7.72 0.91
52.9505 7.35 12.17 4.31 1.04 0.92 1.01 4260.75 47.04 7.85 0.92
81.9290 14.44 19.41 2.62 1.09 0.96 1.03 2968.16 38.40 16.78 0.96
111.6749 21.24 23.08 1.50 1.09 0.94 1.01 2108.99 40.32 21.58 0.94
142.6037 28.83 29.25 0.08 1.03 0.91 1.06 37.47 39.92 29.17 0.91
