time[sec] P_G1 [KPa] P_D1 [KPa] P_S1 [KPa] P_G2 [KPa] P_D2 [KPa] P_Act [KPa] Q1 [M^3/s] Q2 [M^3/s] P_DS1 [KPa] P_DS2 [KPa]
10 06 19 16:10:09
21.9383 -0.17 8.41 2.53 0.71 0.30 0.01 3488.34 6.98 5.88 0.30
51.9492 6.63 9.56 2.41 0.73 0.39 0.05 3379.42 6.98 7.15 0.39
81.9157 14.04 19.14 1.00 0.73 0.37 0.05 2530.37 6.98 18.14 0.37
111.9403 21.43 21.53 0.55 0.73 0.35 0.07 2143.56 0.00 20.98 0.35
141.9436 27.93 28.13 -0.45 0.73 0.32 0.03 323.28 2.79 28.58 0.32
time[sec] P_G1 [KPa] P_D1 [KPa] P_S1 [KPa] P_G2 [KPa] P_D2 [KPa] P_Act [KPa] Q1 [M^3/s] Q2 [M^3/s] P_DS1 [KPa] P_DS2 [KPa]
10 06 19 16:13:40
22.2105 -0.24 8.04 2.39 0.73 0.29 0.04 3416.42 26.88 5.65 0.29
52.5464 6.46 9.45 2.29 0.73 0.31 0.03 3332.36 3.42 7.16 0.31
81.9645 14.01 19.12 0.98 0.71 0.30 0.01 2517.11 0.00 18.14 0.30
111.9377 21.35 21.52 0.55 0.75 0.30 0.05 2096.77 5.59 20.97 0.30
141.9501 27.75 28.06 -0.45 0.76 0.32 0.05 254.85 3.49 28.51 0.32
time[sec] P_G1 [KPa] P_D1 [KPa] P_S1 [KPa] P_G2 [KPa] P_D2 [KPa] P_Act [KPa] Q1 [M^3/s] Q2 [M^3/s] P_DS1 [KPa] P_DS2 [KPa]
10 06 19 16:16:53
21.9407 -0.26 7.20 2.09 0.73 0.33 0.03 3206.26 3.49 5.11 0.33
51.9532 6.64 9.92 1.80 0.73 0.30 0.01 3045.66 0.00 8.12 0.30
81.7052 14.07 19.03 0.75 0.73 0.26 0.03 2314.88 0.00 18.28 0.26
112.2020 21.33 21.22 0.45 0.72 0.29 0.01 2020.41 0.00 20.77 0.29
141.5085 27.93 28.21 -0.46 0.72 0.30 0.04 268.27 0.00 28.67 0.30
time[sec] P_G1 [KPa] P_D1 [KPa] P_S1 [KPa] P_G2 [KPa] P_D2 [KPa] P_Act [KPa] Q1 [M^3/s] Q2 [M^3/s] P_DS1 [KPa] P_DS2 [KPa]
10 06 19 16:19:46
21.9385 -0.29 -0.61 -0.45 0.76 0.32 0.07 415.44 3.49 -0.16 0.32
52.1798 5.80 7.51 -0.40 0.76 0.36 0.07 578.36 6.52 7.91 0.36
81.2873 12.97 17.17 -0.36 0.71 0.32 0.07 647.33 0.54 17.53 0.32
111.6847 20.78 20.64 -0.36 0.78 0.36 0.08 650.66 0.00 21.00 0.36
141.9596 27.74 28.04 -0.45 0.76 0.32 0.05 139.65 0.00 28.49 0.32
time[sec] P_G1 [KPa] P_D1 [KPa] P_S1 [KPa] P_G2 [KPa] P_D2 [KPa] P_Act [KPa] Q1 [M^3/s] Q2 [M^3/s] P_DS1 [KPa] P_DS2 [KPa]
10 06 19 16:22:43
21.9472 -0.42 -0.77 -0.47 0.73 0.35 0.07 212.26 16.06 -0.30 0.35
52.4552 6.33 -0.72 -0.44 0.76 0.37 0.08 258.43 2.44 -0.28 0.37
81.9396 13.90 -0.74 -0.49 0.76 0.32 0.01 268.82 0.00 -0.25 0.32
111.9398 20.73 -0.70 -0.47 0.71 0.32 0.05 261.83 0.00 -0.23 0.32
141.9451 27.58 -0.76 -0.45 0.73 0.30 -0.01 249.27 0.00 -0.30 0.30
time[sec] P_G1 [KPa] P_D1 [KPa] P_S1 [KPa] P_G2 [KPa] P_D2 [KPa] P_Act [KPa] Q1 [M^3/s] Q2 [M^3/s] P_DS1 [KPa] P_DS2 [KPa]
10 06 19 16:25:47
21.7010 -0.44 -0.77 -0.44 0.70 0.33 0.03 325.02 4.89 -0.33 0.33
52.2011 6.63 -0.74 -0.50 0.73 0.33 0.03 262.71 0.00 -0.23 0.33
82.1938 13.92 -0.74 -0.50 0.75 0.36 0.09 285.31 0.00 -0.23 0.36
111.9328 20.77 -0.74 -0.49 0.75 0.34 0.06 264.54 0.00 -0.25 0.34
142.4561 27.66 -0.74 -0.46 0.73 0.31 0.06 292.64 4.28 -0.28 0.31
