time[sec] P_G1 [KPa] P_D1 [KPa] P_S1 [KPa] P_G2 [KPa] P_D2 [KPa] P_Act [KPa] Q1 [M^3/s] Q2 [M^3/s] P_DS1 [KPa] P_DS2 [KPa]
08 02 19 08:25:09
0.0000 0.01 0.14 0.64 0.14 0.01 -0.11 0.00 0.00 -0.50 0.01
0.2393 0.01 0.14 0.64 0.14 0.01 0.01 0.00 0.00 -0.50 0.01
0.3600 0.01 0.14 0.51 0.01 0.01 0.01 0.00 0.00 -0.38 0.01
0.4717 0.01 0.14 0.51 0.01 0.01 -0.11 0.00 0.00 -0.38 0.01
0.6034 0.01 0.14 0.64 0.14 0.01 0.01 0.00 0.00 -0.50 0.01
0.7206 0.01 0.14 0.51 0.01 0.01 -0.11 0.00 0.00 -0.38 0.01
0.8273 0.01 0.14 0.64 0.14 0.01 -0.11 0.00 0.00 -0.50 0.01
0.9378 0.01 0.14 0.51 0.14 0.01 -0.11 0.00 0.00 -0.38 0.01
1.0489 0.01 0.14 0.51 0.01 0.01 -0.11 0.00 0.00 -0.38 0.01
1.1598 0.01 0.14 0.64 0.01 0.01 -0.11 0.00 0.00 -0.50 0.01
1.2692 0.01 0.14 0.64 0.14 0.01 -0.11 0.00 0.00 -0.50 0.01
1.3814 -0.11 0.14 0.64 0.14 0.01 -0.11 0.00 0.00 -0.50 0.01
1.4911 0.01 0.14 0.51 0.14 0.01 0.01 0.00 0.00 -0.38 0.01
1.6066 0.01 0.14 0.51 0.01 0.01 -0.11 0.00 0.00 -0.38 0.01
1.7119 0.01 0.14 0.64 0.01 0.01 -0.11 0.00 0.00 -0.50 0.01
1.8222 0.01 0.14 0.51 0.14 0.01 -0.11 0.00 0.00 -0.38 0.01
1.9349 0.01 0.14 0.51 0.01 0.01 -0.11 0.00 0.00 -0.38 0.01
2.0428 0.01 0.14 0.51 0.14 0.01 -0.11 0.00 0.00 -0.38 0.01
2.1604 0.01 0.14 0.51 0.01 0.01 -0.11 0.00 0.00 -0.38 0.01
2.2679 0.01 0.14 0.64 0.14 0.01 -0.11 0.00 0.00 -0.50 0.01
2.3798 0.01 0.14 0.64 0.14 0.01 -0.24 0.00 0.00 -0.50 0.01
2.4867 0.01 0.14 0.51 0.01 0.01 -0.11 0.00 0.00 -0.38 0.01
2.6015 0.01 0.14 0.64 0.14 0.01 -0.11 0.00 0.00 -0.50 0.01
2.7126 0.01 0.14 0.51 0.01 0.01 0.01 0.00 0.00 -0.38 0.01
2.8216 0.01 0.14 0.51 0.01 0.01 -0.11 0.00 0.00 -0.38 0.01
2.9367 -0.11 0.14 0.64 0.14 0.01 -0.11 0.00 0.00 -0.50 0.01
3.0472 0.01 0.14 0.51 0.14 0.01 0.01 0.00 0.00 -0.38 0.01
3.1587 0.01 0.14 0.51 0.01 0.01 -0.11 0.00 0.00 -0.38 0.01
3.2703 0.01 0.14 0.51 0.01 0.01 -0.11 0.00 0.00 -0.38 0.01
3.3808 -0.11 0.14 0.64 0.14 0.01 -0.11 0.00 0.00 -0.50 0.01
3.4899 0.01 0.14 0.51 0.01 0.01 -0.11 0.00 0.00 -0.38 0.01
3.6035 0.01 0.01 0.51 0.14 0.01 0.01 0.00 0.00 -0.50 0.01
3.7102 0.01 0.14 0.51 0.14 0.01 0.01 0.00 0.00 -0.38 0.01
3.8213 0.01 0.14 0.51 0.14 0.01 -0.11 0.00 0.00 -0.38 0.01
3.9316 -0.11 0.14 0.64 0.14 0.01 -0.11 0.00 0.00 -0.50 0.01
4.0391 0.01 0.01 0.51 0.01 0.01 -0.11 0.00 0.00 -0.50 0.01
4.1535 5.89 0.14 0.39 0.01 -0.11 -0.11 0.00 0.00 -0.25 -0.11
4.2682 10.52 0.14 0.51 0.01 0.01 -0.11 0.00 0.00 -0.38 0.01
4.3783 13.40 0.26 0.51 0.01 -0.11 -0.11 0.00 0.00 -0.25 -0.11
4.4902 15.03 0.14 0.51 0.01 0.01 -0.11 0.00 0.00 -0.38 0.01
4.6069 15.90 0.14 0.51 0.01 0.01 -0.11 0.00 0.00 -0.38 0.01
4.7151 16.28 0.14 0.51 0.01 -0.11 -0.11 0.00 0.00 -0.38 -0.11
4.8253 16.40 0.26 0.51 0.01 0.01 -0.11 0.00 0.00 -0.25 0.01
4.9383 16.53 0.14 0.51 0.01 -0.11 -0.11 0.00 0.00 -0.38 -0.11
5.0461 16.40 0.14 0.51 0.01 0.01 -0.11 0.00 0.00 -0.38 0.01
5.1488 16.53 0.14 0.51 0.01 -0.11 -0.11 0.00 0.00 -0.38 -0.11
5.2631 16.53 0.14 0.51 0.01 -0.11 -0.11 0.00 0.00 -0.38 -0.11
5.3707 16.40 0.26 0.51 0.14 0.01 -0.11 0.00 0.00 -0.25 0.01
5.4765 16.53 0.26 0.51 0.01 0.01 -0.11 0.00 0.00 -0.25 0.01
5.5958 16.40 0.26 0.51 0.01 0.01 -0.11 0.00 0.00 -0.25 0.01
5.7018 16.53 0.26 0.64 0.01 0.01 -0.11 0.00 0.00 -0.38 0.01
5.8144 16.40 0.14 0.51 0.01 0.01 -0.11 0.00 0.00 -0.38 0.01
5.9285 16.40 0.14 0.51 0.01 -0.11 -0.11 0.00 0.00 -0.38 -0.11
6.0423 16.40 0.14 0.39 0.01 0.01 0.01 0.00 0.00 -0.25 0.01
6.1536 16.40 0.14 0.51 0.01 -0.11 -0.11 0.00 0.00 -0.38 -0.11
6.2624 16.40 0.26 0.51 0.01 0.01 -0.11 0.00 0.00 -0.25 0.01
6.3684 16.40 0.26 0.51 0.01 0.01 -0.11 0.00 0.00 -0.25 0.01
6.4756 16.40 0.14 0.39 0.01 0.01 -0.11 0.00 0.00 -0.25 0.01
6.5858 16.40 0.14 0.51 0.01 0.01 -0.11 0.00 0.00 -0.38 0.01
6.6970 16.40 0.14 0.51 0.01 0.01 -0.11 0.00 0.00 -0.38 0.01
6.8075 16.40 0.26 0.64 0.01 0.01 -0.11 0.00 0.00 -0.38 0.01
6.9177 16.28 0.26 0.51 0.01 0.01 -0.11 0.00 0.00 -0.25 0.01
7.0292 16.40 0.14 0.51 0.01 -0.11 -0.11 0.00 0.00 -0.38 -0.11
7.1355 16.40 0.14 0.51 0.14 0.01 -0.11 0.00 0.00 -0.38 0.01
7.2460 16.28 0.26 0.51 0.01 0.01 -0.11 0.00 0.00 -0.25 0.01
7.3513 16.40 0.14 0.51 0.01 -0.11 -0.11 0.00 0.00 -0.38 -0.11
7.4587 16.40 0.26 0.51 0.01 0.01 -0.11 0.00 0.00 -0.25 0.01
7.5730 16.40 0.26 0.51 0.01 0.01 -0.11 0.00 0.00 -0.25 0.01
7.6839 16.40 0.14 0.51 0.01 -0.11 -0.11 0.00 0.00 -0.38 -0.11
7.7907 16.40 0.14 0.51 0.01 0.01 -0.11 0.00 0.00 -0.38 0.01
7.8968 16.28 0.14 0.51 0.01 0.01 -0.11 0.00 0.00 -0.38 0.01
8.0071 16.40 0.26 0.51 0.14 0.01 0.01 0.00 0.00 -0.25 0.01
8.1153 15.90 0.26 0.64 0.14 0.01 -0.11 0.00 0.00 -0.38 0.01
8.2248 12.65 0.26 0.51 0.14 0.01 -0.11 0.00 0.00 -0.25 0.01
8.3349 8.27 0.14 0.64 0.01 0.01 -0.11 0.00 0.00 -0.50 0.01
8.4458 5.39 0.26 0.51 0.14 0.01 0.01 0.00 0.00 -0.25 0.01
8.5565 3.52 0.14 0.64 0.14 0.01 -0.11 0.00 0.00 -0.50 0.01
8.6753 2.26 0.14 0.51 0.14 0.01 -0.11 0.00 0.00 -0.38 0.01
8.7847 1.64 0.01 0.51 0.14 0.01 -0.11 0.00 0.00 -0.50 0.01
8.8969 1.01 0.14 0.51 0.01 0.01 -0.11 0.00 0.00 -0.38 0.01
9.0069 0.76 0.14 0.51 0.01 0.01 0.01 0.00 0.00 -0.38 0.01
9.1168 0.64 0.14 0.51 0.14 0.01 -0.11 0.00 0.00 -0.38 0.01
9.2276 0.51 0.14 0.51 0.14 0.01 -0.11 0.00 0.00 -0.38 0.01
9.3379 0.51 0.14 0.64 0.14 0.01 -0.11 0.00 0.00 -0.50 0.01
9.4493 0.51 0.14 0.64 0.14 0.01 -0.11 0.00 0.00 -0.50 0.01
9.5562 0.51 0.14 0.51 0.01 0.01 0.01 0.00 0.00 -0.38 0.01
9.6702 0.39 0.14 0.64 0.14 0.01 0.01 0.00 0.00 -0.50 0.01
9.7773 0.26 0.14 0.51 0.14 0.01 0.01 0.00 0.00 -0.38 0.01
9.8912 0.26 0.14 0.51 0.01 0.01 0.01 0.00 0.00 -0.38 0.01
10.0011 0.26 0.14 0.51 0.14 0.01 0.01 0.00 0.00 -0.38 0.01
10.1121 0.14 0.14 0.51 0.14 0.01 -0.11 0.00 0.00 -0.38 0.01
10.2240 0.14 0.01 0.64 0.14 0.01 -0.11 0.00 0.00 -0.63 0.01
10.3297 0.14 0.14 0.51 0.01 0.01 -0.11 0.00 0.00 -0.38 0.01
10.4408 0.01 0.14 0.51 0.01 0.01 -0.11 0.00 0.00 -0.38 0.01
10.5520 0.01 0.14 0.64 0.01 0.01 -0.11 0.00 0.00 -0.50 0.01
10.6674 0.14 0.14 0.51 0.14 0.01 -0.11 0.00 0.00 -0.38 0.01
10.7791 0.01 0.14 0.64 0.14 0.01 0.01 0.00 0.00 -0.50 0.01
10.8853 0.01 0.14 0.51 0.14 0.01 -0.11 0.00 0.00 -0.38 0.01
10.9896 0.01 0.26 0.51 0.14 0.01 -0.11 0.00 0.00 -0.25 0.01
11.0989 0.01 0.14 0.64 0.01 0.01 -0.11 0.00 0.00 -0.50 0.01
11.2069 0.01 0.14 0.51 0.01 0.01 0.01 0.00 0.00 -0.38 0.01
11.3123 0.01 0.14 0.64 0.01 0.01 -0.11 0.00 0.00 -0.50 0.01
11.4266 0.01 0.14 0.51 0.01 0.01 0.01 0.00 0.00 -0.38 0.01
11.5350 -0.11 0.14 0.51 0.01 0.01 -0.11 0.00 0.00 -0.38 0.01
11.6490 0.01 0.01 0.51 0.14 0.01 -0.11 0.00 0.00 -0.50 0.01
11.7587 0.01 0.14 0.51 0.14 0.01 0.01 0.00 0.00 -0.38 0.01
11.8700 0.01 0.14 0.51 0.14 0.01 -0.11 0.00 0.00 -0.38 0.01
11.9809 0.01 0.14 0.51 0.14 0.01 -0.11 0.00 0.00 -0.38 0.01
12.0833 -0.11 0.14 0.51 0.01 0.01 0.01 0.00 0.00 -0.38 0.01
12.1876 5.14 0.14 0.51 0.01 0.01 -0.11 0.00 0.00 -0.38 0.01
12.2968 10.02 0.14 0.51 0.01 0.01 -0.24 0.00 0.00 -0.38 0.01
12.4056 13.03 0.14 0.51 0.01 0.01 0.01 0.00 0.00 -0.38 0.01
12.5158 14.90 0.14 0.51 0.01 -0.11 -0.11 0.00 0.00 -0.38 -0.11
12.6395 15.78 0.26 0.51 0.01 0.01 0.01 0.00 0.00 -0.25 0.01
12.7507 16.28 0.14 0.51 0.14 0.01 -0.11 0.00 0.00 -0.38 0.01
12.8661 16.40 0.14 0.51 0.01 -0.11 -0.11 0.00 0.00 -0.38 -0.11
12.9757 16.53 0.14 0.51 -0.11 -0.11 -0.11 0.00 0.00 -0.38 -0.11
13.0899 16.53 0.14 0.64 0.01 0.01 -0.11 0.00 0.00 -0.50 0.01
13.1999 16.53 0.14 0.51 0.01 0.01 0.01 0.00 0.00 -0.38 0.01
13.3037 16.53 0.14 0.64 0.01 0.01 -0.11 0.00 0.00 -0.50 0.01
13.4104 16.53 0.14 0.51 0.01 0.01 -0.11 0.00 0.00 -0.38 0.01
13.5122 16.40 0.14 0.51 0.01 0.01 -0.11 0.00 0.00 -0.38 0.01
13.6271 16.40 0.26 0.51 0.01 -0.11 -0.11 0.00 0.00 -0.25 -0.11
13.7374 16.40 0.26 0.51 0.01 0.01 -0.11 0.00 0.00 -0.25 0.01
13.8441 16.53 0.14 0.51 0.01 -0.11 -0.11 0.00 0.00 -0.38 -0.11
13.9557 16.40 0.14 0.51 0.01 0.01 -0.11 0.00 0.00 -0.38 0.01
14.0654 16.40 0.14 0.51 0.01 0.01 -0.11 0.00 0.00 -0.38 0.01
14.1767 16.40 0.14 0.51 -0.11 0.01 -0.11 0.00 0.00 -0.38 0.01
14.2868 16.40 0.26 0.39 0.01 0.01 -0.11 0.00 0.00 -0.13 0.01
14.3965 16.40 0.14 0.51 0.01 -0.11 -0.11 0.00 0.00 -0.38 -0.11
14.5060 16.40 0.26 0.51 0.01 0.01 0.01 0.00 0.00 -0.25 0.01
14.6123 16.40 0.26 0.51 0.01 -0.11 -0.11 0.00 0.00 -0.25 -0.11
14.7209 16.40 0.14 0.51 0.01 0.01 -0.11 0.00 0.00 -0.38 0.01
14.8259 16.40 0.14 0.51 0.01 0.01 -0.11 0.00 0.00 -0.38 0.01
14.9382 16.40 0.14 0.51 0.01 0.01 -0.11 0.00 0.00 -0.38 0.01
15.0448 16.40 0.14 0.64 0.01 -0.11 -0.11 0.00 0.00 -0.50 -0.11
15.1543 16.40 0.26 0.51 0.01 0.01 -0.11 0.00 0.00 -0.25 0.01
15.2702 16.40 0.14 0.51 0.01 0.01 -0.24 0.00 0.00 -0.38 0.01
15.3800 16.28 0.14 0.64 0.01 -0.11 -0.11 0.00 0.00 -0.50 -0.11
15.4864 16.40 0.14 0.51 0.01 -0.11 -0.11 0.00 0.00 -0.38 -0.11
15.5974 16.40 0.14 0.51 0.01 0.01 -0.11 0.00 0.00 -0.38 0.01
15.7074 16.40 0.26 0.51 0.14 -0.11 -0.11 0.00 0.00 -0.25 -0.11
15.8179 16.40 0.14 0.51 0.01 0.01 -0.11 0.00 0.00 -0.38 0.01
15.9283 16.28 0.14 0.64 0.01 0.01 -0.24 0.00 0.00 -0.50 0.01
16.0406 16.40 0.26 0.51 0.01 0.01 -0.11 0.00 0.00 -0.25 0.01
16.1499 15.90 0.14 0.64 0.01 0.01 -0.11 0.00 0.00 -0.50 0.01
16.2600 12.40 0.14 0.51 0.14 0.01 -0.11 0.00 0.00 -0.38 0.01
16.3678 8.27 0.14 0.51 0.14 0.01 -0.11 0.00 0.00 -0.38 0.01
16.4693 5.52 0.26 0.51 0.01 0.01 -0.11 0.00 0.00 -0.25 0.01
16.5846 3.52 0.26 0.51 0.14 0.01 0.01 0.00 0.00 -0.25 0.01
16.6951 2.39 0.14 0.64 0.01 0.01 -0.11 0.00 0.00 -0.50 0.01
16.8087 1.51 0.14 0.51 0.14 0.01 -0.11 0.00 0.00 -0.38 0.01
16.9206 1.14 0.14 0.51 0.01 0.01 0.01 0.00 0.00 -0.38 0.01
17.0334 0.76 0.14 0.64 0.14 0.01 0.01 0.00 0.00 -0.50 0.01
17.1494 0.64 0.14 0.51 0.14 0.01 0.01 0.00 0.00 -0.38 0.01
17.2602 0.64 0.14 0.51 0.14 0.01 0.01 0.00 0.00 -0.38 0.01
17.3673 0.51 0.14 0.51 0.01 0.01 -0.11 0.00 0.00 -0.38 0.01
17.4729 0.51 0.14 0.51 0.14 0.01 -0.11 0.00 0.00 -0.38 0.01
17.5817 0.39 0.14 0.64 0.01 0.01 -0.11 0.00 0.00 -0.50 0.01
17.6951 0.39 0.14 0.51 0.14 0.01 -0.11 0.00 0.00 -0.38 0.01
17.8038 0.39 0.14 0.64 0.01 0.01 -0.11 0.00 0.00 -0.50 0.01
17.9155 0.26 0.14 0.64 0.14 0.01 -0.11 0.00 0.00 -0.50 0.01
18.0228 0.26 0.14 0.51 0.14 0.01 -0.11 0.00 0.00 -0.38 0.01
18.1329 0.26 0.14 0.51 0.01 0.01 -0.11 0.00 0.00 -0.38 0.01
18.2382 0.14 0.14 0.51 0.14 0.01 0.01 0.00 0.00 -0.38 0.01
18.3499 0.14 0.14 0.51 0.14 0.01 -0.11 0.00 0.00 -0.38 0.01
18.4610 0.01 0.14 0.51 0.01 0.01 -0.11 0.00 0.00 -0.38 0.01
18.5770 0.01 0.14 0.51 0.01 0.01 -0.11 0.00 0.00 -0.38 0.01
18.6813 0.01 0.14 0.51 0.01 0.01 -0.11 0.00 0.00 -0.38 0.01
18.7899 0.01 0.14 0.51 0.01 0.01 -0.11 0.00 0.00 -0.38 0.01
18.8981 0.01 0.14 0.39 0.14 0.01 -0.11 0.00 0.00 -0.25 0.01
19.0084 0.01 0.14 0.51 0.01 0.01 -0.11 0.00 0.00 -0.38 0.01
19.1199 0.01 0.14 0.51 0.01 0.01 -0.11 0.00 0.00 -0.38 0.01
19.2299 0.01 0.14 0.51 0.14 0.01 0.01 0.00 0.00 -0.38 0.01
19.3426 0.01 0.14 0.64 0.01 0.01 0.01 0.00 0.00 -0.50 0.01
19.4462 0.01 0.14 0.51 0.01 0.01 -0.11 0.00 0.00 -0.38 0.01
19.5500 0.01 0.14 0.64 0.01 0.01 0.01 0.00 0.00 -0.50 0.01
19.6649 0.01 0.14 0.64 0.14 0.01 0.01 0.00 0.00 -0.50 0.01
19.7707 0.01 0.14 0.51 0.01 0.01 -0.11 0.00 0.00 -0.38 0.01
19.8807 0.14 0.14 0.64 0.01 0.01 -0.11 0.00 0.00 -0.50 0.01
19.9913 0.01 0.14 0.64 0.01 0.01 -0.11 0.00 0.00 -0.50 0.01
20.1036 0.01 0.01 0.51 0.01 0.01 -0.11 0.00 0.00 -0.50 0.01
20.2163 5.64 0.14 0.51 0.01 0.01 -0.11 0.00 0.00 -0.38 0.01
20.3183 10.15 0.26 0.51 0.01 0.01 0.01 0.00 0.00 -0.25 0.01
20.4306 13.15 0.14 0.51 0.01 0.01 -0.11 0.00 0.00 -0.38 0.01
20.5384 14.78 0.14 0.51 0.01 -0.11 -0.11 0.00 0.00 -0.38 -0.11
20.6477 15.78 0.14 0.51 0.01 0.01 -0.11 0.00 0.00 -0.38 0.01
20.7539 16.28 0.14 0.51 0.01 -0.11 -0.11 0.00 0.00 -0.38 -0.11
20.8601 16.40 0.14 0.51 0.01 0.01 -0.11 0.00 0.00 -0.38 0.01
20.9712 16.40 0.14 0.51 0.01 0.01 -0.11 0.00 0.00 -0.38 0.01
21.0811 16.53 0.26 0.51 0.01 0.01 -0.11 0.00 0.00 -0.25 0.01
21.1891 16.53 0.14 0.51 0.01 0.01 -0.11 0.00 0.00 -0.38 0.01
21.3030 16.40 0.26 0.64 0.01 0.01 -0.11 0.00 0.00 -0.38 0.01
21.4072 16.40 0.14 0.51 0.01 0.01 -0.11 0.00 0.00 -0.38 0.01
21.5200 16.40 0.14 0.51 0.01 0.01 -0.11 0.00 0.00 -0.38 0.01
21.6345 16.53 0.26 0.51 0.01 0.01 -0.11 0.00 0.00 -0.25 0.01
21.7461 16.40 0.26 0.51 0.01 0.01 -0.11 0.00 0.00 -0.25 0.01
21.8540 16.40 0.26 0.51 0.01 -0.11 -0.11 0.00 0.00 -0.25 -0.11
21.9659 16.40 0.26 0.51 0.01 0.01 -0.11 0.00 0.00 -0.25 0.01
22.0735 16.40 0.14 0.51 0.01 0.01 -0.11 0.00 0.00 -0.38 0.01
22.1825 16.40 0.26 0.51 0.01 0.01 -0.11 0.00 0.00 -0.25 0.01
22.2943 16.40 0.14 0.51 0.14 -0.11 -0.11 0.00 0.00 -0.38 -0.11
22.4084 16.40 0.14 0.51 0.01 0.01 -0.11 0.00 0.00 -0.38 0.01
22.5190 16.40 0.14 0.51 0.01 0.01 -0.11 0.00 0.00 -0.38 0.01
22.6340 16.40 0.26 0.51 0.01 0.01 -0.11 0.00 0.00 -0.25 0.01
22.7425 16.40 0.26 0.64 0.01 0.01 -0.11 0.00 0.00 -0.38 0.01
22.8517 16.40 0.26 0.39 0.01 0.01 -0.11 0.00 0.00 -0.13 0.01
22.9659 16.40 0.26 0.51 0.01 0.01 -0.11 0.00 0.00 -0.25 0.01
23.0769 16.28 0.14 0.51 0.14 0.01 -0.11 0.00 0.00 -0.38 0.01
23.1878 16.40 0.14 0.51 0.01 0.01 -0.11 0.00 0.00 -0.38 0.01
23.2930 16.28 0.26 0.64 0.01 0.01 -0.11 0.00 0.00 -0.38 0.01
23.4001 16.40 0.26 0.51 0.01 0.01 -0.11 0.00 0.00 -0.25 0.01
23.5066 16.28 0.14 0.51 0.01 0.01 -0.11 0.00 0.00 -0.38 0.01
23.6210 16.40 0.14 0.51 0.01 -0.11 -0.11 0.00 0.00 -0.38 -0.11
23.7256 16.40 0.14 0.51 0.01 -0.11 -0.11 0.00 0.00 -0.38 -0.11
23.8300 16.40 0.26 0.64 0.14 0.01 -0.11 0.00 0.00 -0.38 0.01
23.9317 16.28 0.14 0.39 0.01 0.01 -0.11 0.00 0.00 -0.25 0.01
24.0423 16.40 0.14 0.51 0.01 0.01 -0.11 0.00 0.00 -0.38 0.01
24.1540 15.90 0.26 0.64 0.01 0.01 0.01 0.00 0.00 -0.38 0.01
24.2635 12.27 0.26 0.51 0.01 0.01 0.01 0.00 0.00 -0.25 0.01
24.3740 7.90 0.26 0.64 0.14 0.01 -0.11 0.00 0.00 -0.38 0.01
24.4893 5.14 0.14 0.51 0.01 0.01 -0.11 0.00 0.00 -0.38 0.01
24.6047 3.39 0.14 0.51 0.01 0.01 -0.11 0.00 0.00 -0.38 0.01
24.7107 2.26 0.14 0.64 0.14 0.01 0.01 0.00 0.00 -0.50 0.01
24.8203 1.51 0.14 0.51 0.01 0.01 -0.11 0.00 0.00 -0.38 0.01
24.9322 1.01 0.14 0.64 0.14 0.01 -0.11 0.00 0.00 -0.50 0.01
25.0387 0.76 0.14 0.51 0.14 0.01 0.01 0.00 0.00 -0.38 0.01
25.1483 0.64 0.14 0.51 0.01 0.01 0.01 0.00 0.00 -0.38 0.01
25.2549 0.51 0.14 0.64 0.01 0.01 0.01 0.00 0.00 -0.50 0.01
25.3625 0.39 0.14 0.51 0.01 0.01 -0.11 0.00 0.00 -0.38 0.01
25.4720 0.51 0.14 0.64 0.01 0.01 0.01 0.00 0.00 -0.50 0.01
25.5884 0.51 0.14 0.64 0.01 0.01 0.01 0.00 0.00 -0.50 0.01
25.6979 0.39 0.14 0.51 0.01 0.01 0.01 0.00 0.00 -0.38 0.01
25.8090 0.14 0.14 0.64 0.14 0.01 -0.11 0.00 0.00 -0.50 0.01
25.9234 0.26 0.14 0.51 0.01 0.01 -0.11 0.00 0.00 -0.38 0.01
26.0282 0.14 0.14 0.51 0.14 0.01 0.01 0.00 0.00 -0.38 0.01
26.1360 0.14 0.14 0.64 0.01 0.01 0.01 0.00 0.00 -0.50 0.01
26.2469 0.14 0.14 0.51 0.14 0.01 0.01 0.00 0.00 -0.38 0.01
26.3537 0.01 0.14 0.51 0.01 0.01 0.01 0.00 0.00 -0.38 0.01
26.4594 0.01 0.14 0.51 0.01 0.01 -0.11 0.00 0.00 -0.38 0.01
26.5695 0.01 0.14 0.51 0.01 0.01 0.01 0.00 0.00 -0.38 0.01
26.6803 0.01 0.14 0.51 0.01 0.01 0.01 0.00 0.00 -0.38 0.01
26.7914 0.01 0.14 0.51 0.01 0.01 0.01 0.00 0.00 -0.38 0.01
26.8989 0.01 0.14 0.51 0.14 0.01 0.01 0.00 0.00 -0.38 0.01
27.0027 0.14 0.14 0.64 0.14 0.01 -0.11 0.00 0.00 -0.50 0.01
27.1148 0.01 0.14 0.51 0.01 0.01 -0.11 0.00 0.00 -0.38 0.01
27.2245 0.01 0.14 0.64 0.14 0.01 -0.11 0.00 0.00 -0.50 0.01
27.3363 0.01 0.14 0.51 0.01 0.01 0.01 0.00 0.00 -0.38 0.01
27.4465 -0.11 0.14 0.51 0.01 0.01 -0.11 0.00 0.00 -0.38 0.01
27.5558 -0.11 0.14 0.64 0.14 0.01 -0.11 0.00 0.00 -0.50 0.01
27.6726 0.01 0.14 0.51 0.01 -0.11 -0.11 0.00 0.00 -0.38 -0.11
27.7819 0.01 0.26 0.64 0.14 0.01 0.01 0.00 0.00 -0.38 0.01
27.8927 0.01 0.14 0.51 0.14 0.01 -0.11 0.00 0.00 -0.38 0.01
28.0026 -0.11 0.14 0.51 0.01 0.01 -0.11 0.00 0.00 -0.38 0.01
28.1144 5.64 0.14 0.51 0.01 0.01 -0.11 0.00 0.00 -0.38 0.01
28.2210 10.02 0.14 0.51 0.01 -0.11 -0.11 0.00 0.00 -0.38 -0.11
28.3298 13.15 0.26 0.64 0.01 0.01 -0.11 0.00 0.00 -0.38 0.01
28.4459 14.90 0.14 0.51 0.01 -0.11 -0.11 0.00 0.00 -0.38 -0.11
28.5610 15.78 0.14 0.51 0.14 0.01 -0.11 0.00 0.00 -0.38 0.01
28.6655 16.28 0.14 0.51 0.01 0.01 -0.11 0.00 0.00 -0.38 0.01
28.7762 16.53 0.14 0.51 0.01 0.01 -0.11 0.00 0.00 -0.38 0.01
28.8885 16.40 0.14 0.51 0.01 -0.11 0.01 0.00 0.00 -0.38 -0.11
28.9989 16.53 0.14 0.51 0.01 0.01 -0.11 0.00 0.00 -0.38 0.01
29.1133 16.40 0.14 0.51 0.01 0.01 -0.11 0.00 0.00 -0.38 0.01
29.2244 16.53 0.26 0.64 0.01 0.01 -0.11 0.00 0.00 -0.38 0.01
29.3368 16.40 0.14 0.51 0.01 0.01 -0.11 0.00 0.00 -0.38 0.01
29.4456 16.40 0.14 0.51 0.01 0.01 -0.11 0.00 0.00 -0.38 0.01
29.5551 16.53 0.14 0.51 0.01 -0.11 -0.11 0.00 0.00 -0.38 -0.11
29.6705 16.40 0.14 0.51 0.01 0.01 -0.11 0.00 0.00 -0.38 0.01
29.7815 16.40 0.14 0.51 0.01 0.01 -0.11 0.00 0.00 -0.38 0.01
29.8875 16.40 0.14 0.51 0.01 -0.11 -0.11 0.00 0.00 -0.38 -0.11
29.9983 16.40 0.26 0.51 0.01 0.01 -0.11 0.00 0.00 -0.25 0.01
time[sec] P_G1 [KPa] P_D1 [KPa] P_S1 [KPa] P_G2 [KPa] P_D2 [KPa] P_Act [KPa] Q1 [M^3/s] Q2 [M^3/s] P_DS1 [KPa] P_DS2 [KPa]
08 02 19 08:26:00
0.0000 0.01 0.14 0.64 0.01 0.01 0.01 0.00 0.00 -0.50 0.01
0.2343 0.01 0.14 0.51 0.01 0.01 0.01 0.00 0.00 -0.38 0.01
0.3517 0.01 0.14 0.64 0.14 0.01 -0.11 0.00 0.00 -0.50 0.01
0.4662 0.01 0.14 0.51 0.14 0.01 0.01 0.00 0.00 -0.38 0.01
0.5879 0.01 0.14 0.51 0.01 0.01 0.01 0.00 0.00 -0.38 0.01
0.7032 0.01 0.14 0.64 0.14 0.01 -0.11 0.00 0.00 -0.50 0.01
0.8175 0.01 0.14 0.51 0.14 0.01 0.01 0.00 0.00 -0.38 0.01
0.9301 0.01 0.14 0.64 0.14 0.01 0.01 0.00 0.00 -0.50 0.01
1.0411 0.01 0.14 0.51 0.01 0.01 0.01 0.00 0.00 -0.38 0.01
1.1540 0.01 0.14 0.51 0.01 0.01 0.01 0.00 0.00 -0.38 0.01
1.2653 0.01 0.14 0.64 0.01 0.01 -0.11 0.00 0.00 -0.50 0.01
1.3748 0.01 0.14 0.64 0.14 0.01 0.01 0.00 0.00 -0.50 0.01
1.4854 0.01 0.14 0.51 0.01 0.01 -0.11 0.00 0.00 -0.38 0.01
1.5958 -0.11 0.14 0.51 0.01 0.01 -0.11 0.00 0.00 -0.38 0.01
1.7071 0.01 0.26 0.51 0.01 0.01 0.01 0.00 0.00 -0.25 0.01
1.8191 0.01 0.14 0.51 0.14 0.01 -0.11 0.00 0.00 -0.38 0.01
1.9321 0.01 0.14 0.39 0.14 0.01 -0.11 0.00 0.00 -0.25 0.01
2.0535 0.01 0.14 0.64 0.01 0.01 -0.11 0.00 0.00 -0.50 0.01
2.1661 -0.11 0.14 0.51 0.14 0.01 -0.11 0.00 0.00 -0.38 0.01
2.2775 0.01 0.14 0.64 0.01 0.01 -0.11 0.00 0.00 -0.50 0.01
2.3826 0.01 0.14 0.64 0.14 0.01 -0.11 0.00 0.00 -0.50 0.01
2.4900 0.01 0.14 0.51 0.01 0.01 -0.11 0.00 0.00 -0.38 0.01
2.5952 0.01 0.14 0.64 0.14 0.01 -0.11 0.00 0.00 -0.50 0.01
2.7057 0.01 0.14 0.51 0.01 0.01 -0.11 0.00 0.00 -0.38 0.01
2.8173 0.01 0.14 0.51 0.01 0.01 -0.11 0.00 0.00 -0.38 0.01
2.9240 0.01 0.14 0.51 0.01 0.01 0.01 0.00 0.00 -0.38 0.01
3.0352 0.01 0.14 0.51 0.01 0.01 0.01 0.00 0.00 -0.38 0.01
3.1577 0.01 0.14 0.64 0.14 0.01 -0.11 0.00 0.00 -0.50 0.01
3.2683 0.01 0.14 0.51 0.14 0.01 -0.11 0.00 0.00 -0.38 0.01
3.3782 0.01 0.14 0.51 0.14 0.01 -0.11 0.00 0.00 -0.38 0.01
3.4872 0.01 0.14 0.64 0.14 0.01 -0.11 0.00 0.00 -0.50 0.01
3.5998 0.01 0.14 0.51 0.14 0.01 -0.11 0.00 0.00 -0.38 0.01
3.7065 0.01 0.14 0.51 0.01 0.01 0.01 0.00 0.00 -0.38 0.01
3.8195 0.01 0.14 0.64 0.14 0.01 -0.11 0.00 0.00 -0.50 0.01
3.9306 0.01 0.14 0.51 0.14 0.01 -0.11 0.00 0.00 -0.38 0.01
4.0384 0.01 0.14 0.51 0.01 0.01 -0.11 0.00 0.00 -0.38 0.01
4.1474 5.39 0.14 0.51 0.01 -0.11 -0.11 0.00 0.00 -0.38 -0.11
4.2588 10.27 0.14 0.51 0.01 -0.11 -0.11 0.00 0.00 -0.38 -0.11
4.3682 13.15 0.14 0.51 0.01 0.01 -0.11 0.00 0.00 -0.38 0.01
4.4797 14.90 0.14 0.51 0.01 -0.11 -0.11 0.00 0.00 -0.38 -0.11
4.5862 15.78 0.14 0.51 0.01 0.01 -0.11 0.00 0.00 -0.38 0.01
4.6930 16.15 0.14 0.39 0.01 -0.11 -0.11 0.00 0.00 -0.25 -0.11
4.8035 16.40 0.26 0.51 0.14 0.01 -0.11 0.00 0.00 -0.25 0.01
4.9144 16.40 0.14 0.64 0.01 -0.11 -0.11 0.00 0.00 -0.50 -0.11
5.0150 16.53 0.26 0.51 0.01 0.01 -0.11 0.00 0.00 -0.25 0.01
5.1228 16.53 0.26 0.51 0.01 0.01 -0.11 0.00 0.00 -0.25 0.01
5.2251 16.40 0.14 0.51 0.01 0.01 -0.11 0.00 0.00 -0.38 0.01
5.3281 16.53 0.26 0.51 0.01 -0.11 -0.11 0.00 0.00 -0.25 -0.11
5.4365 16.53 0.14 0.51 0.01 0.01 -0.11 0.00 0.00 -0.38 0.01
5.5448 16.40 0.14 0.51 0.14 0.01 -0.11 0.00 0.00 -0.38 0.01
5.6518 16.40 0.14 0.51 0.01 0.01 -0.24 0.00 0.00 -0.38 0.01
5.7576 16.40 0.14 0.64 0.14 -0.11 -0.11 0.00 0.00 -0.50 -0.11
5.8678 16.40 0.14 0.39 0.01 -0.11 -0.11 0.00 0.00 -0.25 -0.11
5.9800 16.40 0.14 0.51 0.01 0.01 -0.11 0.00 0.00 -0.38 0.01
6.0941 16.40 0.14 0.51 0.01 0.01 -0.11 0.00 0.00 -0.38 0.01
6.2053 16.40 0.26 0.51 0.14 0.01 -0.11 0.00 0.00 -0.25 0.01
6.3136 16.40 0.14 0.51 0.01 -0.11 -0.11 0.00 0.00 -0.38 -0.11
6.4249 16.28 0.26 0.51 0.01 -0.11 -0.11 0.00 0.00 -0.25 -0.11
6.5356 16.40 0.14 0.51 0.01 0.01 -0.11 0.00 0.00 -0.38 0.01
6.6465 16.40 0.14 0.51 0.01 -0.11 -0.11 0.00 0.00 -0.38 -0.11
6.7489 16.40 0.14 0.51 0.01 0.01 -0.24 0.00 0.00 -0.38 0.01
6.8555 16.40 0.14 0.51 0.01 0.01 -0.11 0.00 0.00 -0.38 0.01
6.9659 16.28 0.14 0.51 0.01 0.01 -0.11 0.00 0.00 -0.38 0.01
7.0816 16.40 0.14 0.51 0.01 0.01 -0.11 0.00 0.00 -0.38 0.01
7.1878 16.40 0.14 0.51 0.01 -0.11 -0.11 0.00 0.00 -0.38 -0.11
7.2890 16.40 0.26 0.51 0.01 -0.11 -0.11 0.00 0.00 -0.25 -0.11
7.3995 16.40 0.14 0.51 0.14 0.01 0.01 0.00 0.00 -0.38 0.01
7.5072 16.28 0.14 0.51 0.01 0.01 -0.11 0.00 0.00 -0.38 0.01
7.6159 16.40 0.26 0.39 0.01 0.01 0.01 0.00 0.00 -0.13 0.01
7.7220 16.40 0.14 0.51 0.01 -0.11 -0.11 0.00 0.00 -0.38 -0.11
7.8281 16.28 0.26 0.51 0.01 0.01 -0.11 0.00 0.00 -0.25 0.01
7.9330 16.28 0.26 0.51 0.01 -0.11 -0.11 0.00 0.00 -0.25 -0.11
8.0401 16.40 0.26 0.64 0.14 0.01 -0.11 0.00 0.00 -0.38 0.01
8.1495 15.90 0.26 0.51 0.14 0.01 0.01 0.00 0.00 -0.25 0.01
8.2606 12.78 0.26 0.51 0.14 0.01 0.01 0.00 0.00 -0.25 0.01
8.3712 8.27 0.14 0.51 0.01 0.01 -0.11 0.00 0.00 -0.38 0.01
8.4807 5.39 0.14 0.51 0.14 0.01 -0.11 0.00 0.00 -0.38 0.01
8.5907 3.64 0.14 0.64 0.14 0.01 0.01 0.00 0.00 -0.50 0.01
8.7026 2.39 0.14 0.51 0.01 0.01 -0.11 0.00 0.00 -0.38 0.01
8.8099 1.64 0.14 0.51 0.14 0.01 0.01 0.00 0.00 -0.38 0.01
8.9215 1.01 0.14 0.51 0.14 0.01 0.01 0.00 0.00 -0.38 0.01
9.0309 0.76 0.14 0.51 0.14 0.01 -0.11 0.00 0.00 -0.38 0.01
9.1430 0.64 0.14 0.64 0.01 0.01 -0.11 0.00 0.00 -0.50 0.01
9.2497 0.51 0.14 0.51 0.01 0.01 -0.11 0.00 0.00 -0.38 0.01
9.3586 0.51 0.14 0.51 0.01 0.01 -0.11 0.00 0.00 -0.38 0.01
9.4677 0.51 0.14 0.64 0.01 0.01 -0.11 0.00 0.00 -0.50 0.01
9.5792 0.39 0.14 0.51 0.14 0.01 -0.11 0.00 0.00 -0.38 0.01
9.6947 0.26 0.14 0.64 0.01 0.01 -0.11 0.00 0.00 -0.50 0.01
9.8024 0.26 0.14 0.39 0.01 0.01 -0.11 0.00 0.00 -0.25 0.01
9.9099 0.26 0.14 0.51 0.01 0.01 0.01 0.00 0.00 -0.38 0.01
10.0302 0.14 0.14 0.64 0.14 0.01 -0.11 0.00 0.00 -0.50 0.01
10.1440 0.14 0.14 0.51 0.14 0.01 -0.11 0.00 0.00 -0.38 0.01
10.2509 0.14 0.14 0.51 0.14 0.01 -0.11 0.00 0.00 -0.38 0.01
10.3620 0.01 0.14 0.51 0.01 0.01 -0.11 0.00 0.00 -0.38 0.01
10.4726 0.01 0.14 0.51 0.01 0.01 0.01 0.00 0.00 -0.38 0.01
10.5853 0.01 0.14 0.64 0.01 0.01 -0.11 0.00 0.00 -0.50 0.01
10.6968 0.14 0.14 0.51 0.14 0.01 0.01 0.00 0.00 -0.38 0.01
10.8076 0.01 0.14 0.51 0.01 0.01 0.01 0.00 0.00 -0.38 0.01
10.9149 0.01 0.14 0.51 0.01 0.01 -0.11 0.00 0.00 -0.38 0.01
11.0245 0.01 0.14 0.51 0.14 0.01 -0.11 0.00 0.00 -0.38 0.01
11.1380 0.01 0.14 0.64 0.01 0.01 -0.11 0.00 0.00 -0.50 0.01
11.2423 0.01 0.14 0.51 0.14 0.01 0.01 0.00 0.00 -0.38 0.01
11.3488 0.01 0.14 0.51 0.14 0.01 -0.11 0.00 0.00 -0.38 0.01
11.4586 0.01 0.26 0.64 0.01 0.01 -0.11 0.00 0.00 -0.38 0.01
11.5698 0.01 0.14 0.51 0.01 0.01 -0.11 0.00 0.00 -0.38 0.01
11.6803 0.01 0.14 0.51 0.01 0.01 -0.11 0.00 0.00 -0.38 0.01
11.7914 0.01 0.14 0.51 0.14 -0.11 0.01 0.00 0.00 -0.38 -0.11
11.9000 0.14 0.14 0.51 0.14 0.01 0.01 0.00 0.00 -0.38 0.01
12.0082 -0.11 0.14 0.64 0.01 0.01 -0.11 0.00 0.00 -0.50 0.01
12.1262 6.02 0.14 0.51 0.01 0.01 -0.11 0.00 0.00 -0.38 0.01
12.2372 10.65 0.26 0.51 0.01 -0.11 -0.11 0.00 0.00 -0.25 -0.11
12.3473 13.40 0.14 0.51 0.01 -0.11 -0.11 0.00 0.00 -0.38 -0.11
12.4582 15.03 0.14 0.51 0.01 -0.11 -0.11 0.00 0.00 -0.38 -0.11
12.5694 15.90 0.26 0.51 0.01 0.01 -0.11 0.00 0.00 -0.25 0.01
12.6791 16.28 0.14 0.51 0.01 0.01 -0.11 0.00 0.00 -0.38 0.01
12.7910 16.40 0.26 0.51 0.01 0.01 -0.11 0.00 0.00 -0.25 0.01
12.9003 16.53 0.26 0.51 0.01 -0.11 -0.11 0.00 0.00 -0.25 -0.11
13.0076 16.40 0.26 0.51 0.01 -0.11 -0.11 0.00 0.00 -0.25 -0.11
13.1229 16.40 0.26 0.64 0.01 -0.11 0.01 0.00 0.00 -0.38 -0.11
13.2271 16.40 0.14 0.51 0.01 -0.11 -0.11 0.00 0.00 -0.38 -0.11
13.3342 16.40 0.14 0.51 0.01 0.01 -0.11 0.00 0.00 -0.38 0.01
13.4459 16.40 0.26 0.51 0.01 0.01 -0.11 0.00 0.00 -0.25 0.01
13.5607 16.40 0.14 0.51 0.14 0.01 -0.11 0.00 0.00 -0.38 0.01
13.6714 16.40 0.14 0.51 0.01 0.01 -0.11 0.00 0.00 -0.38 0.01
13.7772 16.40 0.14 0.51 0.01 0.01 -0.11 0.00 0.00 -0.38 0.01
13.8793 16.40 0.14 0.51 0.01 0.01 -0.11 0.00 0.00 -0.38 0.01
13.9907 16.40 0.14 0.64 0.01 0.01 -0.11 0.00 0.00 -0.50 0.01
14.1011 16.40 0.26 0.51 0.01 0.01 -0.11 0.00 0.00 -0.25 0.01
14.2123 16.40 0.14 0.51 0.01 -0.11 -0.11 0.00 0.00 -0.38 -0.11
14.3180 16.40 0.14 0.51 0.01 0.01 -0.11 0.00 0.00 -0.38 0.01
14.4251 16.40 0.26 0.51 0.01 0.01 -0.11 0.00 0.00 -0.25 0.01
14.5311 16.40 0.14 0.51 0.14 0.01 -0.11 0.00 0.00 -0.38 0.01
14.6378 16.40 0.26 0.51 0.14 0.01 -0.11 0.00 0.00 -0.25 0.01
14.7488 16.28 0.14 0.51 0.14 -0.11 -0.11 0.00 0.00 -0.38 -0.11
14.8582 16.40 0.26 0.51 0.01 0.01 -0.11 0.00 0.00 -0.25 0.01
14.9652 16.15 0.26 0.51 0.14 0.01 -0.11 0.00 0.00 -0.25 0.01
15.0802 16.40 0.14 0.64 0.01 0.01 -0.11 0.00 0.00 -0.50 0.01
15.1868 16.40 0.26 0.51 0.01 0.01 -0.11 0.00 0.00 -0.25 0.01
15.2972 16.28 0.26 0.51 0.01 0.01 -0.11 0.00 0.00 -0.25 0.01
15.4074 16.28 0.26 0.64 0.01 0.01 -0.11 0.00 0.00 -0.38 0.01
15.5136 16.40 0.14 0.51 0.14 0.01 -0.11 0.00 0.00 -0.38 0.01
15.6227 16.40 0.14 0.51 0.01 0.01 -0.11 0.00 0.00 -0.38 0.01
15.7251 16.28 0.14 0.64 0.01 0.01 -0.11 0.00 0.00 -0.50 0.01
15.8347 16.28 0.14 0.51 0.01 0.01 -0.24 0.00 0.00 -0.38 0.01
15.9463 16.28 0.26 0.64 0.01 0.01 -0.11 0.00 0.00 -0.38 0.01
16.0623 16.40 0.26 0.51 0.14 0.01 0.01 0.00 0.00 -0.25 0.01
16.1737 15.90 0.26 0.51 0.01 0.01 0.01 0.00 0.00 -0.25 0.01
16.2841 12.90 0.26 0.51 0.14 0.01 -0.11 0.00 0.00 -0.25 0.01
16.3914 8.52 0.26 0.51 0.01 0.01 -0.11 0.00 0.00 -0.25 0.01
16.4931 5.64 0.14 0.64 0.01 0.01 0.01 0.00 0.00 -0.50 0.01
16.6031 3.77 0.14 0.51 0.14 0.01 -0.11 0.00 0.00 -0.38 0.01
16.7012 2.52 0.14 0.51 0.14 0.01 -0.11 0.00 0.00 -0.38 0.01
16.8031 1.76 0.14 0.64 0.01 0.01 0.01 0.00 0.00 -0.50 0.01
16.9149 1.26 0.14 0.51 0.14 0.01 -0.11 0.00 0.00 -0.38 0.01
17.0227 0.89 0.14 0.51 0.01 0.01 -0.11 0.00 0.00 -0.38 0.01
17.1388 0.64 0.14 0.64 0.01 0.01 0.01 0.00 0.00 -0.50 0.01
17.2467 0.51 0.14 0.51 0.14 0.01 -0.11 0.00 0.00 -0.38 0.01
17.3577 0.51 0.14 0.64 0.01 0.01 -0.11 0.00 0.00 -0.50 0.01
17.4632 0.51 0.14 0.51 0.14 0.01 -0.11 0.00 0.00 -0.38 0.01
17.5746 0.51 0.14 0.51 0.14 0.01 0.01 0.00 0.00 -0.38 0.01
17.6856 0.39 0.14 0.64 0.14 0.01 0.01 0.00 0.00 -0.50 0.01
17.7893 0.39 0.14 0.51 0.01 0.01 -0.11 0.00 0.00 -0.38 0.01
17.8922 0.26 0.14 0.51 0.01 0.01 0.01 0.00 0.00 -0.38 0.01
17.9998 0.26 0.14 0.51 0.01 0.01 -0.11 0.00 0.00 -0.38 0.01
18.1132 0.14 0.14 0.51 0.14 0.01 0.01 0.00 0.00 -0.38 0.01
18.2256 0.14 0.14 0.64 0.01 0.01 -0.11 0.00 0.00 -0.50 0.01
18.3324 0.14 0.14 0.51 0.14 0.01 -0.11 0.00 0.00 -0.38 0.01
18.4371 0.01 0.14 0.51 0.01 0.01 0.01 0.00 0.00 -0.38 0.01
18.5447 0.14 0.14 0.64 0.14 0.01 -0.11 0.00 0.00 -0.50 0.01
18.6547 0.01 0.14 0.51 0.01 0.01 0.01 0.00 0.00 -0.38 0.01
18.7652 0.14 0.14 0.64 0.14 0.01 0.01 0.00 0.00 -0.50 0.01
18.8768 0.01 0.14 0.51 0.14 0.01 0.01 0.00 0.00 -0.38 0.01
18.9833 0.01 0.14 0.51 0.01 0.01 -0.11 0.00 0.00 -0.38 0.01
19.0972 0.14 0.14 0.64 0.14 0.01 0.01 0.00 0.00 -0.50 0.01
19.2096 0.01 0.14 0.64 0.14 0.01 -0.11 0.00 0.00 -0.50 0.01
19.3269 0.01 0.14 0.76 0.01 0.01 0.01 0.00 0.00 -0.63 0.01
19.4400 0.01 0.14 0.51 0.14 0.01 -0.11 0.00 0.00 -0.38 0.01
19.5477 0.01 0.14 0.51 0.14 0.01 -0.11 0.00 0.00 -0.38 0.01
19.6548 0.01 0.14 0.64 0.14 0.01 -0.11 0.00 0.00 -0.50 0.01
19.7623 0.01 0.14 0.51 0.14 0.01 -0.11 0.00 0.00 -0.38 0.01
19.8712 0.01 0.14 0.51 0.01 0.01 -0.11 0.00 0.00 -0.38 0.01
19.9807 0.01 0.14 0.64 0.14 0.01 -0.11 0.00 0.00 -0.50 0.01
20.0931 -0.11 0.01 0.51 0.01 0.01 -0.11 0.00 0.00 -0.50 0.01
20.1984 5.39 0.14 0.51 0.01 0.01 -0.11 0.00 0.00 -0.38 0.01
20.3084 10.15 0.14 0.51 0.01 0.01 -0.11 0.00 0.00 -0.38 0.01
20.4171 13.15 0.26 0.51 0.01 0.01 -0.11 0.00 0.00 -0.25 0.01
20.5233 14.90 0.14 0.64 0.01 0.01 -0.11 0.00 0.00 -0.50 0.01
20.6289 15.65 0.14 0.51 0.01 0.01 -0.11 0.00 0.00 -0.38 0.01
20.7398 16.15 0.26 0.51 0.01 0.01 -0.11 0.00 0.00 -0.25 0.01
20.8497 16.40 0.26 0.51 0.01 -0.11 -0.11 0.00 0.00 -0.25 -0.11
20.9614 16.40 0.14 0.51 0.01 0.01 -0.11 0.00 0.00 -0.38 0.01
21.0748 16.40 0.26 0.64 0.01 -0.11 -0.11 0.00 0.00 -0.38 -0.11
21.1877 16.40 0.26 0.51 0.01 0.01 -0.11 0.00 0.00 -0.25 0.01
21.2893 16.40 0.26 0.51 0.01 0.01 -0.11 0.00 0.00 -0.25 0.01
21.3967 16.40 0.14 0.51 0.01 0.01 -0.11 0.00 0.00 -0.38 0.01
21.5033 16.40 0.14 0.51 0.01 -0.11 -0.11 0.00 0.00 -0.38 -0.11
21.6088 16.40 0.26 0.64 0.01 0.01 -0.11 0.00 0.00 -0.38 0.01
21.7125 16.40 0.14 0.51 0.01 0.01 -0.11 0.00 0.00 -0.38 0.01
21.8163 16.40 0.26 0.51 0.01 0.01 -0.11 0.00 0.00 -0.25 0.01
21.9287 16.40 0.26 0.51 0.01 0.01 -0.11 0.00 0.00 -0.25 0.01
22.0442 16.40 0.14 0.51 0.01 -0.11 -0.11 0.00 0.00 -0.38 -0.11
22.1488 16.40 0.14 0.51 0.01 -0.11 -0.11 0.00 0.00 -0.38 -0.11
22.2592 16.40 0.14 0.51 0.01 -0.11 -0.11 0.00 0.00 -0.38 -0.11
22.3705 16.40 0.26 0.51 0.01 0.01 -0.11 0.00 0.00 -0.25 0.01
22.4769 16.40 0.26 0.51 0.01 -0.11 -0.11 0.00 0.00 -0.25 -0.11
22.5842 16.40 0.14 0.39 0.01 0.01 -0.11 0.00 0.00 -0.25 0.01
22.6946 16.28 0.14 0.51 0.01 0.01 -0.11 0.00 0.00 -0.38 0.01
22.8199 16.40 0.26 0.51 0.14 -0.11 -0.24 0.00 0.00 -0.25 -0.11
22.9223 16.28 0.26 0.51 0.01 -0.11 -0.11 0.00 0.00 -0.25 -0.11
23.0366 16.28 0.14 0.51 0.01 0.01 -0.11 0.00 0.00 -0.38 0.01
23.1475 16.28 0.14 0.51 0.01 0.01 -0.24 0.00 0.00 -0.38 0.01
23.2555 16.28 0.26 0.51 0.01 0.01 -0.24 0.00 0.00 -0.25 0.01
23.3572 16.28 0.26 0.64 0.01 0.01 0.01 0.00 0.00 -0.38 0.01
23.4638 16.28 0.14 0.51 0.01 0.01 -0.11 0.00 0.00 -0.38 0.01
23.5643 16.28 0.14 0.51 0.01 0.01 -0.11 0.00 0.00 -0.38 0.01
23.6723 16.28 0.14 0.51 0.01 -0.11 -0.11 0.00 0.00 -0.38 -0.11
23.7825 16.28 0.26 0.51 0.01 0.01 -0.11 0.00 0.00 -0.25 0.01
23.8924 16.28 0.14 0.64 0.01 0.01 -0.11 0.00 0.00 -0.50 0.01
23.9987 16.28 0.14 0.51 0.14 0.01 -0.11 0.00 0.00 -0.38 0.01
24.1109 16.40 0.26 0.51 0.14 0.01 -0.11 0.00 0.00 -0.25 0.01
24.2183 15.90 0.26 0.64 0.01 0.01 -0.11 0.00 0.00 -0.38 0.01
24.3224 13.28 0.26 0.51 0.14 0.01 -0.11 0.00 0.00 -0.25 0.01
24.4342 8.52 0.14 0.64 0.14 0.01 0.01 0.00 0.00 -0.50 0.01
24.5450 5.52 0.14 0.51 0.14 0.01 -0.11 0.00 0.00 -0.38 0.01
24.6476 3.77 0.14 0.51 0.01 0.01 -0.11 0.00 0.00 -0.38 0.01
24.7542 2.39 0.14 0.64 0.14 0.01 0.01 0.00 0.00 -0.50 0.01
24.8607 1.64 0.14 0.51 0.14 0.01 -0.11 0.00 0.00 -0.38 0.01
24.9667 1.26 0.14 0.51 0.14 0.01 -0.11 0.00 0.00 -0.38 0.01
25.0785 0.89 0.14 0.51 0.14 0.01 -0.11 0.00 0.00 -0.38 0.01
25.1880 0.64 0.14 0.51 0.01 0.01 -0.11 0.00 0.00 -0.38 0.01
25.2981 0.51 0.14 0.64 0.14 0.01 0.01 0.00 0.00 -0.50 0.01
25.4100 0.51 0.14 0.51 0.14 0.01 -0.11 0.00 0.00 -0.38 0.01
25.5247 0.51 0.14 0.51 0.01 0.01 -0.11 0.00 0.00 -0.38 0.01
25.6351 0.39 0.14 0.51 0.14 0.01 -0.11 0.00 0.00 -0.38 0.01
25.7452 0.26 0.14 0.51 0.14 0.01 -0.11 0.00 0.00 -0.38 0.01
25.8561 0.26 0.14 0.51 0.01 0.01 0.01 0.00 0.00 -0.38 0.01
25.9630 0.26 0.14 0.51 0.14 0.01 -0.11 0.00 0.00 -0.38 0.01
26.0775 0.14 0.14 0.51 0.01 0.01 -0.11 0.00 0.00 -0.38 0.01
26.1796 0.14 0.14 0.64 0.14 0.01 -0.11 0.00 0.00 -0.50 0.01
26.2936 0.14 0.14 0.51 0.14 0.01 0.01 0.00 0.00 -0.38 0.01
26.4031 0.14 0.14 0.51 0.01 0.01 -0.11 0.00 0.00 -0.38 0.01
26.5070 0.01 0.14 0.64 0.01 0.01 -0.11 0.00 0.00 -0.50 0.01
26.6188 0.01 0.14 0.51 0.14 0.01 -0.11 0.00 0.00 -0.38 0.01
26.7198 0.01 0.14 0.64 0.14 0.01 0.01 0.00 0.00 -0.50 0.01
26.8331 0.01 0.14 0.51 0.14 0.01 -0.11 0.00 0.00 -0.38 0.01
26.9418 0.01 0.14 0.51 0.01 0.01 0.01 0.00 0.00 -0.38 0.01
27.0541 0.01 0.14 0.64 0.14 0.01 0.01 0.00 0.00 -0.50 0.01
27.1586 0.01 0.26 0.64 0.01 0.01 0.01 0.00 0.00 -0.38 0.01
27.2654 0.01 0.01 0.64 0.14 0.01 0.01 0.00 0.00 -0.63 0.01
27.3699 0.01 0.14 0.64 0.14 0.01 0.01 0.00 0.00 -0.50 0.01
27.4766 0.01 0.14 0.51 0.14 0.01 -0.11 0.00 0.00 -0.38 0.01
27.5881 0.01 0.14 0.51 0.01 0.01 -0.11 0.00 0.00 -0.38 0.01
27.6974 0.01 0.14 0.51 0.14 0.01 -0.11 0.00 0.00 -0.38 0.01
27.8065 0.01 0.14 0.51 0.01 0.01 0.01 0.00 0.00 -0.38 0.01
27.9104 0.01 0.14 0.64 0.14 0.01 0.01 0.00 0.00 -0.50 0.01
28.0152 0.01 0.14 0.51 0.01 -0.11 -0.11 0.00 0.00 -0.38 -0.11
28.1330 6.14 0.14 0.51 0.01 0.01 -0.11 0.00 0.00 -0.38 0.01
28.2398 10.52 0.26 0.51 0.01 0.01 -0.11 0.00 0.00 -0.25 0.01
28.3495 13.28 0.14 0.51 -0.11 0.01 -0.11 0.00 0.00 -0.38 0.01
28.4570 14.90 0.14 0.51 0.01 0.01 -0.11 0.00 0.00 -0.38 0.01
28.5593 15.78 0.26 0.51 0.01 -0.11 -0.11 0.00 0.00 -0.25 -0.11
28.6661 16.15 0.14 0.39 0.01 0.01 -0.11 0.00 0.00 -0.25 0.01
28.7768 16.28 0.14 0.64 0.01 0.01 -0.11 0.00 0.00 -0.50 0.01
28.8825 16.40 0.14 0.51 0.14 -0.11 -0.11 0.00 0.00 -0.38 -0.11
28.9850 16.40 0.14 0.51 0.01 -0.11 -0.11 0.00 0.00 -0.38 -0.11
29.0999 16.40 0.26 0.51 0.01 0.01 -0.11 0.00 0.00 -0.25 0.01
29.2069 16.40 0.14 0.51 0.14 -0.11 -0.11 0.00 0.00 -0.38 -0.11
29.3168 16.40 0.14 0.51 0.01 0.01 -0.11 0.00 0.00 -0.38 0.01
29.4257 16.40 0.26 0.39 0.01 -0.11 -0.11 0.00 0.00 -0.13 -0.11
29.5299 16.53 0.26 0.51 0.01 -0.11 -0.11 0.00 0.00 -0.25 -0.11
29.6361 16.40 0.26 0.51 0.01 0.01 -0.24 0.00 0.00 -0.25 0.01
29.7460 16.40 0.14 0.51 0.01 -0.11 -0.11 0.00 0.00 -0.38 -0.11
29.8580 16.40 0.26 0.64 0.01 -0.11 -0.11 0.00 0.00 -0.38 -0.11
29.9680 16.40 0.14 0.51 0.01 0.01 -0.11 0.00 0.00 -0.38 0.01
