time[sec] P_G1 [KPa] P_D1 [KPa] P_S1 [KPa] P_G2 [KPa] P_D2 [KPa] P_Act [KPa] Q1 [M^3/s] Q2 [M^3/s] P_DS1 [KPa] P_DS2 [KPa]
08 01 19 13:07:51
0.0000 0.01 9.02 6.89 0.14 0.01 -0.11 500.00 0.00 2.13 0.01
0.2192 0.01 8.90 6.89 0.01 0.01 -0.24 500.00 0.00 2.00 0.01
0.3378 -0.24 8.90 6.89 0.14 0.01 -0.24 500.00 0.00 2.00 0.01
0.4600 -0.11 8.90 6.77 0.14 0.01 -0.24 500.00 0.00 2.13 0.01
0.5798 0.01 8.90 6.89 0.14 0.01 -0.24 500.00 0.00 2.00 0.01
0.6926 0.01 8.90 6.89 0.14 -0.11 -0.24 500.00 0.00 2.00 -0.11
0.8021 -0.11 9.02 6.89 0.01 0.01 -0.24 500.00 0.00 2.13 0.01
0.9235 0.01 9.02 6.89 0.14 -0.11 -0.11 500.00 0.00 2.13 -0.11
1.0378 -0.11 8.90 6.89 0.14 0.01 -0.24 500.00 0.00 2.00 0.01
1.1503 -0.11 9.02 6.89 0.14 -0.11 -0.24 500.00 0.00 2.13 -0.11
1.2639 -0.36 9.02 6.77 0.14 0.01 -0.24 500.00 0.00 2.25 0.01
1.3721 -0.11 8.90 7.02 0.14 -0.11 -0.24 500.00 0.00 1.88 -0.11
1.4825 -0.24 8.90 6.89 0.14 0.01 -0.24 500.00 0.00 2.00 0.01
1.5906 -0.11 8.90 6.89 0.01 0.01 -0.24 500.00 0.00 2.00 0.01
1.7007 0.01 9.02 6.89 0.14 0.01 -0.11 500.00 0.00 2.13 0.01
1.8131 -0.11 9.02 6.89 0.14 -0.11 -0.24 500.00 0.00 2.13 -0.11
1.9310 -0.11 8.90 6.77 0.14 0.01 -0.24 500.00 0.00 2.13 0.01
2.0402 -0.11 8.90 6.89 0.14 0.01 -0.24 500.00 0.00 2.00 0.01
2.1533 -0.11 8.90 6.89 0.01 0.01 -0.24 500.00 0.00 2.00 0.01
2.2661 -0.11 9.02 6.89 0.14 0.01 -0.24 500.00 0.00 2.13 0.01
2.3829 -0.11 8.90 6.89 0.14 0.14 -0.24 500.00 0.00 2.00 0.14
2.4912 -0.11 8.77 6.89 0.01 0.01 -0.24 500.00 0.00 1.88 0.01
2.6021 -0.11 9.02 6.89 0.14 0.01 -0.36 500.00 0.00 2.13 0.01
2.7151 -0.11 8.90 6.89 0.01 0.01 -0.11 500.00 0.00 2.00 0.01
2.8255 -0.11 8.90 6.89 0.14 0.01 -0.24 500.00 0.00 2.00 0.01
2.9369 0.01 8.90 6.89 0.01 0.01 -0.24 500.00 0.00 2.00 0.01
3.0414 -0.11 8.90 6.77 0.14 0.01 -0.36 500.00 0.00 2.13 0.01
3.1489 0.26 8.90 6.77 0.14 0.01 -0.24 500.00 0.00 2.13 0.01
3.2576 -0.11 8.90 6.89 0.01 0.01 -0.24 500.00 0.00 2.00 0.01
3.3680 -0.11 9.02 6.89 0.01 0.01 -0.24 500.00 0.00 2.13 0.01
3.4781 -0.11 8.90 6.77 0.14 -0.11 -0.24 500.00 0.00 2.13 -0.11
3.5891 -0.11 8.90 6.77 0.14 -0.11 -0.24 500.00 0.00 2.13 -0.11
3.7064 -0.11 8.90 6.89 0.14 0.01 -0.24 500.00 0.00 2.00 0.01
3.8176 -0.11 8.90 6.77 0.01 -0.11 -0.24 500.00 0.00 2.13 -0.11
3.9292 0.01 8.90 6.89 0.14 0.01 -0.24 500.00 0.00 2.00 0.01
4.0441 -0.11 8.90 6.89 0.14 -0.11 -0.24 500.00 0.00 2.00 -0.11
4.1467 0.01 8.90 6.89 0.14 -0.11 -0.24 500.00 0.00 2.00 -0.11
4.2570 -0.11 8.90 6.77 0.14 -0.11 -0.24 500.00 0.00 2.13 -0.11
4.3681 -0.11 8.90 6.77 0.14 -0.11 -0.24 500.00 0.00 2.13 -0.11
4.4770 -0.11 8.90 6.89 0.14 0.01 -0.24 500.00 0.00 2.00 0.01
4.5896 0.26 8.90 6.77 0.14 -0.11 -0.24 500.00 0.00 2.13 -0.11
4.7029 -0.11 8.90 6.77 0.01 0.01 -0.24 500.00 0.00 2.13 0.01
4.8248 -0.11 8.90 6.89 0.01 0.01 -0.24 500.00 0.00 2.00 0.01
4.9340 -0.49 9.02 6.77 0.01 -0.11 -0.24 500.00 0.00 2.25 -0.11
5.0444 -0.11 9.02 6.89 0.14 0.01 -0.24 500.00 0.00 2.13 0.01
5.1561 -0.11 8.90 6.77 0.14 0.01 -0.24 500.00 0.00 2.13 0.01
5.2621 -0.11 8.90 6.77 0.14 -0.11 -0.24 500.00 0.00 2.13 -0.11
5.3755 -0.11 8.90 6.89 0.01 0.01 -0.11 500.00 0.00 2.00 0.01
5.4822 0.01 8.90 6.89 0.14 0.01 -0.24 500.00 0.00 2.00 0.01
5.5918 -0.11 8.90 6.77 0.14 0.01 -0.24 500.00 0.00 2.13 0.01
5.7038 0.01 8.90 6.89 0.14 0.01 -0.11 500.00 0.00 2.00 0.01
5.8144 -0.11 8.90 6.89 0.14 0.01 -0.24 500.00 0.00 2.00 0.01
5.9254 -0.11 9.02 7.02 0.14 0.01 -0.24 500.00 0.00 2.00 0.01
6.0311 -0.11 8.90 6.89 0.14 0.01 -0.24 500.00 0.00 2.00 0.01
6.1402 -0.49 8.90 6.89 0.14 -0.11 -0.24 500.00 0.00 2.00 -0.11
6.2525 -0.11 8.90 6.89 0.14 0.01 -0.24 500.00 0.00 2.00 0.01
6.3711 -0.11 8.90 6.77 0.01 -0.11 -0.24 500.00 0.00 2.13 -0.11
6.4817 0.01 8.90 6.89 0.14 0.01 -0.24 500.00 0.00 2.00 0.01
6.5917 -0.11 8.90 6.89 0.01 0.01 -0.24 500.00 0.00 2.00 0.01
6.7020 -0.11 8.90 6.89 0.01 0.01 -0.24 500.00 0.00 2.00 0.01
6.8171 -0.11 8.90 6.89 0.14 0.01 -0.24 500.00 0.00 2.00 0.01
6.9280 -0.11 8.90 6.89 0.14 -0.11 -0.24 500.00 0.00 2.00 -0.11
7.0425 -0.11 8.90 6.89 0.14 -0.11 -0.24 500.00 0.00 2.00 -0.11
7.1528 -0.11 8.77 6.77 0.01 -0.11 -0.24 500.00 0.00 2.00 -0.11
7.2645 -0.11 9.02 6.89 0.14 0.01 -0.24 500.00 0.00 2.13 0.01
7.3744 0.01 8.90 7.02 0.14 0.01 -0.24 500.00 0.00 1.88 0.01
7.4858 0.01 8.90 6.89 0.01 -0.11 -0.24 500.00 0.00 2.00 -0.11
7.5922 -0.11 8.90 7.02 0.14 0.01 -0.24 500.00 0.00 1.88 0.01
7.7019 -0.11 8.90 6.89 0.14 -0.11 -0.24 500.00 0.00 2.00 -0.11
7.8151 -0.11 8.90 6.89 0.14 0.01 -0.24 500.00 0.00 2.00 0.01
7.9278 -0.11 9.02 6.89 0.14 -0.11 -0.24 500.00 0.00 2.13 -0.11
8.0362 -0.11 8.90 6.77 0.01 -0.11 -0.24 500.00 0.00 2.13 -0.11
8.1445 -0.11 8.90 6.89 0.14 -0.11 -0.24 500.00 0.00 2.00 -0.11
8.2569 -0.11 8.77 6.89 0.01 -0.11 -0.24 500.00 0.00 1.88 -0.11
8.3653 -0.24 8.90 6.89 0.01 -0.11 -0.24 500.00 0.00 2.00 -0.11
8.4725 -0.11 9.02 6.89 0.14 0.01 -0.24 500.00 0.00 2.13 0.01
8.5770 0.01 8.90 6.89 0.01 0.01 -0.24 500.00 0.00 2.00 0.01
8.6896 -0.11 8.90 6.89 0.14 0.01 -0.11 500.00 0.00 2.00 0.01
8.7995 -0.11 9.02 6.89 0.14 0.01 -0.24 500.00 0.00 2.13 0.01
8.9149 -0.11 8.90 6.89 0.14 -0.11 -0.24 500.00 0.00 2.00 -0.11
9.0260 0.26 9.02 7.02 0.14 -0.11 -0.24 500.00 0.00 2.00 -0.11
9.1339 -0.11 8.90 6.89 0.14 0.01 -0.36 500.00 0.00 2.00 0.01
9.2424 -0.36 9.02 6.89 0.14 -0.11 -0.24 500.00 0.00 2.13 -0.11
9.3529 0.01 8.90 6.89 0.14 -0.11 -0.24 500.00 0.00 2.00 -0.11
9.4619 -0.11 8.90 6.89 0.01 -0.11 -0.24 500.00 0.00 2.00 -0.11
9.5746 -0.11 9.02 6.89 0.14 0.01 -0.24 500.00 0.00 2.13 0.01
9.6845 -0.11 8.90 6.77 0.14 0.01 -0.11 500.00 0.00 2.13 0.01
9.7984 0.01 9.02 6.89 0.14 0.01 -0.24 500.00 0.00 2.13 0.01
9.9125 0.01 8.90 6.89 0.14 0.01 -0.24 500.00 0.00 2.00 0.01
10.0247 -0.11 8.77 6.77 0.01 -0.11 -0.24 500.00 0.00 2.00 -0.11
10.1343 6.02 8.65 6.52 0.01 -0.11 -0.24 500.00 0.00 2.13 -0.11
10.2445 9.40 12.40 0.89 0.01 -0.11 -0.24 500.00 0.00 11.51 -0.11
10.3513 13.78 13.03 0.39 0.01 0.01 -0.24 500.00 0.00 12.64 0.01
10.4619 18.53 13.28 0.51 0.01 -0.11 -0.24 500.00 0.00 12.76 -0.11
10.5687 22.66 13.53 0.51 -0.11 -0.24 -0.24 500.00 0.00 13.01 -0.24
10.6753 25.16 13.78 0.39 0.01 -0.11 -0.36 500.00 0.00 13.39 -0.11
10.7866 26.16 13.90 0.51 0.01 -0.11 -0.36 500.00 0.00 13.39 -0.11
10.9082 26.79 14.15 0.39 0.01 -0.11 -0.24 500.00 0.00 13.76 -0.11
11.0192 26.91 14.15 0.51 0.01 -0.11 -0.24 500.00 0.00 13.64 -0.11
11.1292 27.04 14.15 0.51 0.14 -0.11 -0.36 500.00 0.00 13.64 -0.11
11.2403 27.04 14.28 0.51 0.01 -0.11 -0.24 500.00 0.00 13.76 -0.11
11.3533 27.16 14.28 0.51 0.14 -0.11 -0.36 500.00 0.00 13.76 -0.11
11.4588 27.04 14.28 0.39 0.01 -0.11 -0.24 493.16 0.00 13.89 -0.11
11.5676 27.04 14.28 0.51 0.01 0.01 -0.24 481.43 0.00 13.76 0.01
11.6791 27.16 14.28 0.51 0.01 -0.11 -0.36 468.72 0.00 13.76 -0.11
11.7894 27.16 14.28 0.39 0.14 -0.11 -0.36 456.99 0.00 13.89 -0.11
11.9164 26.91 14.28 0.51 0.01 -0.11 -0.24 445.26 0.00 13.76 -0.11
12.0267 27.16 14.28 0.64 0.01 -0.11 -0.24 435.00 0.00 13.64 -0.11
12.1381 27.16 14.15 0.51 0.01 -0.11 -0.24 424.73 0.00 13.64 -0.11
12.2515 27.16 14.28 0.64 0.01 -0.11 -0.36 414.96 0.00 13.64 -0.11
12.3667 27.16 14.28 0.26 0.01 -0.11 -0.24 405.18 0.00 14.01 -0.11
12.4791 27.16 14.28 0.51 0.01 -0.11 -0.24 395.89 0.00 13.76 -0.11
12.5898 27.16 14.15 0.39 0.01 -0.11 -0.24 388.56 0.00 13.76 -0.11
12.6989 27.16 14.15 0.51 0.01 -0.11 -0.24 379.77 0.00 13.64 -0.11
12.8161 27.16 14.15 0.51 0.01 -0.11 -0.24 369.50 0.00 13.64 -0.11
12.9408 27.16 14.28 0.51 0.01 -0.11 -0.24 362.17 0.00 13.76 -0.11
13.0517 27.04 14.28 0.51 0.01 -0.11 -0.36 354.84 0.00 13.76 -0.11
13.1620 27.16 14.15 0.39 0.01 -0.11 -0.24 346.53 0.00 13.76 -0.11
13.2712 27.16 14.15 0.51 0.01 -0.11 -0.11 341.15 0.00 13.64 -0.11
13.3817 27.16 14.15 0.39 0.01 -0.11 -0.24 334.31 0.00 13.76 -0.11
13.4936 26.91 14.15 0.26 0.01 -0.11 -0.24 326.00 0.00 13.89 -0.11
13.6041 27.04 14.15 0.51 0.01 -0.11 -0.24 322.09 0.00 13.64 -0.11
13.7141 27.16 14.28 0.51 0.01 -0.11 -0.36 315.25 0.00 13.76 -0.11
13.8352 27.16 14.15 0.64 0.01 -0.11 -0.36 308.90 0.00 13.51 -0.11
13.9480 27.04 14.15 0.51 0.01 -0.11 -0.11 303.52 0.00 13.64 -0.11
14.0586 27.04 14.28 0.51 0.01 -0.11 -0.24 297.65 0.00 13.76 -0.11
14.1693 27.16 14.15 0.51 0.01 -0.11 -0.24 293.26 0.00 13.64 -0.11
14.2796 27.16 14.15 0.51 0.14 -0.11 -0.24 287.39 0.00 13.64 -0.11
14.3860 26.91 14.15 0.51 0.01 -0.11 -0.24 282.50 0.00 13.64 -0.11
14.4924 27.29 14.15 0.39 0.01 -0.11 -0.24 277.13 0.00 13.76 -0.11
14.6055 27.04 14.15 0.39 0.01 -0.11 -0.36 273.22 0.00 13.76 -0.11
14.7103 27.16 14.15 0.51 0.01 -0.11 -0.24 267.84 0.00 13.64 -0.11
14.8259 27.04 14.15 0.39 0.01 -0.11 -0.24 263.44 0.00 13.76 -0.11
14.9387 27.16 14.03 0.51 0.01 -0.11 -0.36 258.55 0.00 13.51 -0.11
15.0507 27.04 14.15 0.51 0.01 -0.11 -0.24 254.15 0.00 13.64 -0.11
15.1565 27.16 14.15 0.39 0.14 0.01 -0.24 250.24 0.00 13.76 0.01
15.2665 27.04 14.15 0.51 0.01 0.01 -0.24 245.36 0.00 13.64 0.01
15.3769 26.79 14.15 0.51 -0.11 -0.11 -0.36 240.96 0.00 13.64 -0.11
15.4880 27.16 14.15 0.51 0.01 -0.11 -0.36 238.03 0.00 13.64 -0.11
15.6003 27.04 14.15 0.51 -0.11 -0.11 -0.24 233.63 0.00 13.64 -0.11
15.7112 27.16 14.15 0.39 0.01 -0.11 -0.24 230.69 0.00 13.76 -0.11
15.8200 27.04 14.15 0.39 0.01 -0.11 -0.24 226.30 0.00 13.76 -0.11
15.9383 27.04 14.15 0.51 0.01 -0.11 -0.24 222.87 0.00 13.64 -0.11
16.0455 27.29 14.15 0.39 0.01 -0.24 -0.24 220.43 0.00 13.76 -0.24
16.1548 27.16 14.15 0.51 0.01 -0.11 -0.24 215.54 0.00 13.64 -0.11
16.2665 27.16 14.15 0.39 0.01 -0.11 -0.36 211.63 0.00 13.76 -0.11
16.3770 27.16 14.03 0.51 0.01 -0.11 -0.36 208.70 0.00 13.51 -0.11
16.4839 27.04 14.15 0.39 0.01 -0.11 -0.24 205.77 0.00 13.76 -0.11
16.5948 27.16 14.15 0.39 0.01 0.01 -0.24 201.86 0.00 13.76 0.01
16.7044 27.16 14.15 0.26 0.01 -0.11 -0.24 198.44 0.00 13.89 -0.11
16.8140 27.16 14.15 0.39 0.01 -0.11 -0.24 197.46 0.00 13.76 -0.11
16.9280 27.16 14.15 0.51 0.01 -0.11 -0.24 192.57 0.00 13.64 -0.11
17.0360 27.04 14.03 0.51 0.01 -0.11 -0.24 190.13 0.00 13.51 -0.11
17.1421 27.04 14.15 0.39 0.01 -0.11 -0.24 187.19 0.00 13.76 -0.11
17.2529 27.04 14.15 0.64 0.01 0.01 -0.24 183.77 0.00 13.51 0.01
17.3644 27.16 14.15 0.51 0.14 -0.24 -0.36 181.33 0.00 13.64 -0.24
17.4737 27.16 14.03 0.39 0.14 -0.11 -0.24 178.89 0.00 13.64 -0.11
17.5850 27.04 14.15 0.51 0.01 -0.11 -0.36 175.95 0.00 13.64 -0.11
17.6964 27.29 14.28 0.51 0.01 0.01 -0.24 171.55 0.00 13.76 0.01
17.8091 27.16 14.03 0.51 0.01 -0.11 -0.24 170.09 0.00 13.51 -0.11
17.9408 27.16 14.15 0.51 0.01 -0.11 -0.11 167.64 0.00 13.64 -0.11
18.0509 27.16 14.15 0.39 0.01 -0.11 -0.24 165.20 0.00 13.76 -0.11
18.1672 27.16 14.15 0.51 0.14 -0.11 -0.24 162.76 0.00 13.64 -0.11
18.2778 26.91 14.15 0.51 0.14 -0.11 -0.24 159.82 0.00 13.64 -0.11
18.3870 27.16 14.15 0.51 0.01 0.01 -0.36 158.85 0.00 13.64 0.01
18.4983 27.16 14.15 0.51 0.01 -0.11 -0.24 155.91 0.00 13.64 -0.11
18.6090 27.16 14.15 0.39 0.01 0.01 -0.24 153.47 0.00 13.76 0.01
18.7196 27.16 14.15 0.39 0.01 -0.11 -0.36 150.54 0.00 13.76 -0.11
18.8378 27.16 14.15 0.64 0.01 -0.24 -0.24 149.56 0.00 13.51 -0.24
18.9447 27.04 14.15 0.64 0.01 -0.11 -0.36 146.63 0.00 13.51 -0.11
19.0608 27.16 14.15 0.51 0.01 -0.11 -0.36 144.18 0.00 13.64 -0.11
19.1707 27.16 14.03 0.51 0.14 -0.11 -0.24 142.23 0.00 13.51 -0.11
19.2850 27.04 14.15 0.51 0.01 -0.11 -0.24 140.27 0.00 13.64 -0.11
19.3961 27.16 14.03 0.39 0.01 -0.11 -0.24 138.81 0.00 13.64 -0.11
19.4982 27.04 14.03 0.51 0.01 -0.11 -0.24 136.85 0.00 13.51 -0.11
19.6045 27.41 14.15 0.39 0.01 -0.11 -0.24 133.43 0.00 13.76 -0.11
19.7117 27.16 14.03 0.51 0.01 -0.11 -0.36 132.94 0.00 13.51 -0.11
19.8272 27.16 14.15 0.51 -0.11 -0.11 -0.11 130.50 0.00 13.64 -0.11
19.9360 27.16 14.15 0.51 0.14 0.01 -0.24 128.05 0.00 13.64 0.01
20.0449 27.16 14.15 0.51 0.14 0.01 -0.24 126.59 0.00 13.64 0.01
20.1471 19.53 14.15 0.51 0.01 0.01 -0.24 124.63 0.00 13.64 0.01
20.2517 13.90 13.90 0.51 0.01 -0.11 -0.24 122.68 0.00 13.39 -0.11
20.3577 9.65 13.15 0.64 0.01 -0.11 -0.24 121.70 0.00 12.51 -0.11
20.4700 6.14 8.40 5.39 0.14 0.01 -0.24 120.72 0.00 3.00 0.01
20.5755 4.89 8.40 6.02 0.01 0.01 -0.24 126.59 0.00 2.38 0.01
20.6842 2.89 8.52 6.14 0.14 0.01 -0.24 136.85 0.00 2.38 0.01
20.7933 1.89 8.52 6.14 0.01 -0.11 -0.24 151.52 0.00 2.38 -0.11
20.9046 1.01 8.40 6.02 0.01 0.01 -0.24 167.64 0.00 2.38 0.01
21.0130 0.64 8.40 6.14 0.14 -0.11 -0.24 185.73 0.00 2.25 -0.11
21.1223 0.39 8.40 6.14 0.14 -0.11 -0.24 203.32 0.00 2.25 -0.11
21.2264 0.14 8.52 6.14 0.14 0.01 -0.24 222.39 0.00 2.38 0.01
21.3358 0.14 8.40 6.14 0.14 0.01 -0.24 241.45 0.00 2.25 0.01
21.4438 0.01 8.52 6.14 0.14 0.01 -0.24 261.49 0.00 2.38 0.01
21.5543 0.01 8.52 6.27 0.14 0.01 -0.24 280.55 0.00 2.25 0.01
21.6655 0.01 8.52 6.14 0.14 -0.11 -0.24 298.63 0.00 2.38 -0.11
21.7725 0.01 8.52 6.27 0.01 0.01 -0.24 318.18 0.00 2.25 0.01
21.8907 0.01 8.52 6.14 0.01 0.01 -0.24 335.29 0.00 2.38 0.01
21.9973 0.01 8.52 6.27 0.14 0.01 -0.24 351.42 0.00 2.25 0.01
22.1036 -0.11 8.52 6.27 0.01 0.01 -0.24 366.57 0.00 2.25 0.01
22.2115 0.01 8.52 6.27 0.14 0.01 -0.24 381.72 0.00 2.25 0.01
22.3128 -0.11 8.52 6.14 0.01 0.01 -0.24 395.41 0.00 2.38 0.01
22.4226 0.01 8.52 6.27 0.14 0.01 -0.24 408.11 0.00 2.25 0.01
22.5243 0.01 8.52 6.14 0.14 0.01 -0.24 422.29 0.00 2.38 0.01
22.6356 -0.11 8.52 6.27 0.14 -0.11 -0.24 433.53 0.00 2.25 -0.11
22.7446 -0.11 8.65 6.14 0.14 0.01 -0.24 446.24 0.00 2.50 0.01
22.8612 -0.11 8.52 6.27 0.14 0.01 -0.24 458.46 0.00 2.25 0.01
22.9705 -0.11 8.52 6.39 0.01 -0.11 -0.24 468.23 0.00 2.13 -0.11
23.0825 -0.11 8.52 6.27 0.14 0.01 -0.24 477.52 0.00 2.25 0.01
23.1865 -0.11 8.52 6.27 0.01 -0.11 -0.24 485.83 0.00 2.25 -0.11
23.2960 -0.11 8.65 6.27 0.01 0.01 -0.24 495.11 0.00 2.38 0.01
23.4011 -0.11 8.52 6.27 0.14 0.01 -0.24 500.00 0.00 2.25 0.01
23.5081 -0.11 8.65 6.39 0.14 0.01 -0.24 500.00 0.00 2.25 0.01
23.6149 -0.11 8.65 6.27 0.14 0.01 -0.24 500.00 0.00 2.38 0.01
23.7208 -0.11 8.52 6.27 0.14 0.01 -0.24 500.00 0.00 2.25 0.01
23.8278 -0.11 8.65 6.39 0.14 0.01 -0.24 500.00 0.00 2.25 0.01
23.9371 -0.11 8.52 6.27 0.14 0.01 -0.24 500.00 0.00 2.25 0.01
24.0479 -0.11 8.52 6.39 0.14 -0.11 -0.24 500.00 0.00 2.13 -0.11
24.1642 0.01 8.52 6.27 0.14 -0.11 -0.24 500.00 0.00 2.25 -0.11
24.2678 -0.11 8.52 6.27 0.01 0.01 -0.24 500.00 0.00 2.25 0.01
24.3773 -0.11 8.65 6.27 0.14 0.01 -0.24 500.00 0.00 2.38 0.01
24.4948 0.01 8.52 6.27 0.01 0.01 -0.24 500.00 0.00 2.25 0.01
24.5996 -0.11 8.52 6.27 0.01 0.01 -0.24 500.00 0.00 2.25 0.01
24.7038 -0.11 8.52 6.27 0.14 -0.11 -0.24 500.00 0.00 2.25 -0.11
24.8064 -0.11 8.52 6.27 0.01 0.01 -0.24 500.00 0.00 2.25 0.01
24.9198 -0.11 8.52 6.39 0.14 0.01 -0.24 500.00 0.00 2.13 0.01
25.0272 -0.11 8.52 6.27 0.14 -0.11 -0.24 500.00 0.00 2.25 -0.11
25.1324 -0.11 8.52 6.39 0.14 -0.11 -0.24 500.00 0.00 2.13 -0.11
25.2426 -0.11 8.65 6.27 0.14 0.01 -0.24 500.00 0.00 2.38 0.01
25.3475 -0.11 8.52 6.27 0.01 0.01 -0.24 500.00 0.00 2.25 0.01
25.4536 -0.11 8.52 6.39 0.01 -0.11 -0.24 500.00 0.00 2.13 -0.11
25.5681 -0.11 8.52 6.27 0.14 -0.11 -0.24 500.00 0.00 2.25 -0.11
25.6769 -0.11 8.52 6.27 0.01 -0.11 -0.24 500.00 0.00 2.25 -0.11
25.7847 -0.11 8.52 6.39 0.14 0.01 -0.24 500.00 0.00 2.13 0.01
25.9000 -0.11 8.52 6.27 0.14 -0.11 -0.24 500.00 0.00 2.25 -0.11
26.0093 -0.11 8.52 6.27 0.14 0.01 -0.24 500.00 0.00 2.25 0.01
26.1190 -0.11 8.52 6.27 0.14 -0.11 -0.24 500.00 0.00 2.25 -0.11
26.2297 -0.11 8.52 6.27 0.14 0.01 -0.24 500.00 0.00 2.25 0.01
26.3334 -0.11 8.65 6.39 0.14 -0.11 -0.24 500.00 0.00 2.25 -0.11
26.4426 -0.11 8.65 6.27 0.01 -0.11 -0.24 500.00 0.00 2.38 -0.11
26.5479 -0.11 8.65 6.39 0.01 0.01 -0.24 500.00 0.00 2.25 0.01
26.6496 -0.11 8.65 6.39 0.14 -0.11 -0.24 500.00 0.00 2.25 -0.11
26.7600 -0.11 8.52 6.27 0.01 0.01 -0.24 500.00 0.00 2.25 0.01
26.8734 -0.11 8.65 6.52 0.14 0.01 -0.24 500.00 0.00 2.13 0.01
26.9873 -0.11 8.52 6.39 0.01 0.01 -0.24 500.00 0.00 2.13 0.01
27.0958 -0.11 8.65 6.27 0.01 0.01 -0.24 500.00 0.00 2.38 0.01
27.2064 -0.11 8.65 6.39 0.01 0.01 -0.24 500.00 0.00 2.25 0.01
27.3190 -0.11 8.52 6.39 0.01 -0.11 -0.24 500.00 0.00 2.13 -0.11
27.4285 -0.11 8.52 6.27 0.01 -0.11 -0.24 500.00 0.00 2.25 -0.11
27.5378 -0.11 8.52 6.39 0.14 -0.11 -0.24 500.00 0.00 2.13 -0.11
27.6470 -0.11 8.52 6.27 0.01 -0.11 -0.24 500.00 0.00 2.25 -0.11
27.7512 -0.11 8.65 6.39 0.14 0.01 -0.24 500.00 0.00 2.25 0.01
27.8656 -0.11 8.52 6.39 0.14 0.01 -0.24 500.00 0.00 2.13 0.01
27.9823 -0.11 8.65 6.27 0.14 0.01 -0.11 500.00 0.00 2.38 0.01
28.0923 0.01 8.65 6.39 0.14 0.01 -0.24 500.00 0.00 2.25 0.01
28.1937 -0.11 8.52 6.39 0.14 0.01 -0.24 500.00 0.00 2.13 0.01
28.3043 -0.11 8.52 6.39 0.01 -0.11 -0.36 500.00 0.00 2.13 -0.11
28.4157 -0.11 8.65 6.39 0.01 0.01 -0.24 500.00 0.00 2.25 0.01
28.5211 -0.11 8.65 6.39 0.14 0.01 -0.24 500.00 0.00 2.25 0.01
28.6302 -0.11 8.65 6.39 0.14 0.01 -0.24 500.00 0.00 2.25 0.01
28.7367 -0.11 8.52 6.39 0.14 -0.11 -0.24 500.00 0.00 2.13 -0.11
28.8446 -0.11 8.65 6.39 0.14 0.01 -0.24 500.00 0.00 2.25 0.01
28.9515 -0.11 8.65 6.39 0.14 -0.11 -0.24 500.00 0.00 2.25 -0.11
29.0643 -0.11 8.65 6.27 0.14 0.01 -0.24 500.00 0.00 2.38 0.01
29.1661 -0.11 8.65 6.39 0.14 0.01 -0.11 500.00 0.00 2.25 0.01
29.2730 -0.11 8.52 6.39 0.01 -0.11 -0.24 500.00 0.00 2.13 -0.11
29.3731 -0.11 8.65 6.39 0.14 0.01 -0.24 500.00 0.00 2.25 0.01
29.4797 -0.11 8.65 6.39 0.01 -0.11 -0.24 500.00 0.00 2.25 -0.11
29.5864 -0.11 8.65 6.39 0.01 -0.11 -0.24 500.00 0.00 2.25 -0.11
29.6886 0.01 8.65 6.27 0.14 0.01 -0.24 500.00 0.00 2.38 0.01
29.8028 -0.11 8.52 6.52 0.14 -0.11 -0.24 500.00 0.00 2.00 -0.11
29.9101 -0.24 8.65 6.39 0.14 0.01 -0.24 500.00 0.00 2.25 0.01
30.0168 -0.24 8.52 6.27 0.01 -0.11 -0.36 500.00 0.00 2.25 -0.11
30.1144 5.39 8.27 6.02 0.01 -0.11 -0.36 500.00 0.00 2.25 -0.11
30.2176 8.27 10.15 2.39 0.01 -0.11 -0.24 500.00 0.00 7.76 -0.11
30.3154 12.52 12.90 0.51 0.01 0.01 -0.24 500.00 0.00 12.39 0.01
30.4221 16.78 13.03 0.51 0.01 -0.11 -0.36 500.00 0.00 12.51 -0.11
30.5270 21.53 13.40 0.51 0.01 -0.11 -0.36 500.00 0.00 12.89 -0.11
30.6327 24.29 13.53 0.51 0.01 0.01 -0.24 500.00 0.00 13.01 0.01
30.7431 25.79 13.78 0.39 0.01 -0.11 -0.24 500.00 0.00 13.39 -0.11
30.8553 26.54 14.03 0.51 0.01 -0.11 -0.24 500.00 0.00 13.51 -0.11
30.9707 26.91 14.28 0.51 0.01 -0.11 -0.24 500.00 0.00 13.76 -0.11
31.0767 27.04 14.28 0.39 0.01 -0.11 -0.36 500.00 0.00 13.89 -0.11
31.1867 27.04 14.28 0.64 0.01 -0.11 -0.36 500.00 0.00 13.64 -0.11
31.2945 27.16 14.15 0.39 0.01 -0.11 -0.24 500.00 0.00 13.76 -0.11
31.4003 27.16 14.28 0.39 0.01 -0.11 -0.24 500.00 0.00 13.89 -0.11
31.5031 27.16 14.28 0.51 0.14 -0.11 -0.24 492.67 0.00 13.76 -0.11
31.6144 27.16 14.28 0.51 0.01 0.01 -0.24 481.43 0.00 13.76 0.01
31.7188 27.16 14.28 0.51 0.01 -0.11 -0.24 468.72 0.00 13.76 -0.11
31.8346 27.16 14.15 0.51 0.01 -0.11 -0.36 457.48 0.00 13.64 -0.11
31.9456 27.16 14.28 0.51 0.14 -0.11 -0.24 447.21 0.00 13.76 -0.11
32.0526 27.16 14.15 0.51 0.01 -0.11 -0.36 436.95 0.00 13.64 -0.11
32.1553 27.16 14.15 0.39 0.01 -0.11 -0.24 427.17 0.00 13.76 -0.11
32.2572 27.16 14.15 0.39 0.01 -0.11 -0.36 416.91 0.00 13.76 -0.11
32.3675 27.16 14.28 0.51 0.01 -0.11 -0.24 408.11 0.00 13.76 -0.11
32.4775 27.29 14.15 0.39 0.01 -0.11 -0.24 398.83 0.00 13.76 -0.11
32.5811 27.16 14.15 0.51 0.01 -0.11 -0.36 390.52 0.00 13.64 -0.11
32.6905 27.16 14.15 0.39 0.01 -0.11 -0.24 381.72 0.00 13.76 -0.11
32.8008 27.16 14.15 0.51 0.01 -0.11 -0.36 372.92 0.00 13.64 -0.11
32.9166 27.16 14.15 0.51 0.01 -0.11 -0.24 366.08 0.00 13.64 -0.11
33.0235 27.16 14.15 0.39 0.01 -0.11 -0.36 358.26 0.00 13.76 -0.11
33.1319 27.16 14.15 0.51 0.01 -0.11 -0.24 350.93 0.00 13.64 -0.11
33.2429 27.16 14.15 0.39 0.01 -0.11 -0.24 343.60 0.00 13.76 -0.11
33.3508 27.16 14.15 0.39 0.01 -0.11 -0.24 338.71 0.00 13.76 -0.11
33.4531 27.16 14.15 0.51 0.01 0.01 -0.24 330.89 0.00 13.64 0.01
33.5596 27.16 14.15 0.39 0.01 -0.11 -0.24 324.05 0.00 13.76 -0.11
33.6635 27.16 14.15 0.51 0.01 -0.11 -0.24 318.67 0.00 13.64 -0.11
33.7636 27.16 14.15 0.51 0.01 -0.11 -0.36 313.29 0.00 13.64 -0.11
33.8692 27.16 14.15 0.39 0.01 -0.11 -0.24 307.43 0.00 13.76 -0.11
33.9809 27.16 14.15 0.51 0.01 0.01 -0.36 302.05 0.00 13.64 0.01
34.0913 27.16 14.15 0.39 0.01 -0.11 -0.24 296.68 0.00 13.76 -0.11
34.1991 27.16 14.15 0.51 0.14 -0.11 -0.36 291.79 0.00 13.64 -0.11
34.3011 27.16 14.15 0.51 0.01 -0.11 -0.36 286.90 0.00 13.64 -0.11
34.4070 27.16 14.15 0.51 0.01 -0.11 -0.24 282.01 0.00 13.64 -0.11
34.5167 27.16 14.15 0.39 0.01 0.01 -0.24 277.13 0.00 13.76 0.01
34.6284 27.16 14.15 0.51 0.01 -0.11 -0.24 272.24 0.00 13.64 -0.11
34.7410 27.04 14.15 0.39 0.01 -0.11 -0.24 267.84 0.00 13.76 -0.11
34.8522 27.04 14.15 0.51 0.01 -0.11 -0.24 263.44 0.00 13.64 -0.11
34.9602 27.16 14.15 0.39 0.01 -0.11 -0.24 258.06 0.00 13.76 -0.11
35.0746 27.16 14.15 0.39 0.01 -0.11 -0.24 254.15 0.00 13.76 -0.11
35.1806 27.16 14.15 0.51 0.01 -0.11 -0.36 249.76 0.00 13.64 -0.11
35.2903 27.04 14.15 0.51 0.01 -0.11 -0.24 245.85 0.00 13.64 -0.11
time[sec] P_G1 [KPa] P_D1 [KPa] P_S1 [KPa] P_G2 [KPa] P_D2 [KPa] P_Act [KPa] Q1 [M^3/s] Q2 [M^3/s] P_DS1 [KPa] P_DS2 [KPa]
08 01 19 13:13:30
0.0000 -0.11 4.14 3.14 0.14 0.01 -0.24 413.98 0.00 1.00 0.01
0.2217 -0.11 4.14 3.14 0.01 0.01 -0.24 414.96 0.00 1.00 0.01
0.3349 -0.11 4.14 3.14 0.14 0.01 -0.24 414.47 0.00 1.00 0.01
0.4466 0.01 4.14 3.02 0.14 0.01 -0.24 414.47 0.00 1.13 0.01
0.5602 -0.11 4.14 3.02 0.01 0.01 -0.24 414.96 0.00 1.13 0.01
0.6745 -0.11 4.14 3.02 0.14 0.01 -0.24 414.96 0.00 1.13 0.01
0.7841 -0.11 4.14 3.02 0.14 0.01 -0.24 414.96 0.00 1.13 0.01
0.8948 -0.11 4.14 3.14 0.01 0.01 -0.24 414.47 0.00 1.00 0.01
1.0071 -0.11 4.02 3.02 0.14 0.01 -0.24 415.44 0.00 1.00 0.01
1.1168 -0.11 4.02 3.02 0.14 0.01 -0.24 414.47 0.00 1.00 0.01
1.2265 -0.11 4.14 3.02 0.14 0.01 -0.24 414.96 0.00 1.13 0.01
1.3374 -0.11 4.14 3.14 0.01 -0.11 -0.24 415.44 0.00 1.00 -0.11
1.4496 -0.11 4.14 3.14 0.01 -0.11 -0.24 414.96 0.00 1.00 -0.11
1.5558 -0.11 4.14 3.02 0.14 -0.11 -0.24 414.96 0.00 1.13 -0.11
1.6657 -0.11 4.14 3.02 0.01 -0.11 -0.24 414.47 0.00 1.13 -0.11
1.7765 -0.11 4.02 3.02 0.14 0.01 -0.24 415.44 0.00 1.00 0.01
1.8863 -0.11 4.02 3.02 0.14 -0.11 -0.24 414.96 0.00 1.00 -0.11
2.0005 -0.11 4.14 3.02 0.14 0.01 -0.24 414.96 0.00 1.13 0.01
2.1178 -0.11 4.14 3.02 0.14 0.01 -0.24 414.96 0.00 1.13 0.01
2.2282 0.01 4.14 3.02 0.01 0.01 -0.24 414.96 0.00 1.13 0.01
2.3389 -0.11 4.14 3.14 0.14 0.01 -0.24 414.96 0.00 1.00 0.01
2.4499 -0.11 4.14 3.02 0.14 0.01 -0.24 414.96 0.00 1.13 0.01
2.5583 -0.11 4.14 3.02 0.01 0.01 -0.24 415.44 0.00 1.13 0.01
2.6685 -0.11 4.02 2.89 0.14 0.01 -0.24 415.44 0.00 1.13 0.01
2.7787 -0.11 4.02 3.02 0.01 -0.11 -0.24 415.44 0.00 1.00 -0.11
2.8818 -0.11 4.14 3.14 0.14 -0.11 -0.24 414.96 0.00 1.00 -0.11
3.0010 -0.11 4.02 3.02 0.01 -0.11 -0.24 414.96 0.00 1.00 -0.11
3.1114 -0.11 4.14 3.02 0.14 -0.11 -0.24 415.44 0.00 1.13 -0.11
3.2217 0.01 4.14 3.02 0.14 0.01 -0.24 415.93 0.00 1.13 0.01
3.3325 -0.11 4.14 3.02 0.01 0.01 -0.24 414.96 0.00 1.13 0.01
3.4400 -0.11 4.14 3.02 0.14 0.01 -0.24 415.44 0.00 1.13 0.01
3.5486 -0.11 4.14 3.02 0.01 0.01 -0.24 415.44 0.00 1.13 0.01
3.6563 0.01 4.14 3.02 0.14 0.01 -0.24 415.93 0.00 1.13 0.01
3.7641 -0.11 4.14 3.02 0.14 0.01 -0.24 415.93 0.00 1.13 0.01
3.8684 -0.11 4.02 3.02 0.14 0.01 -0.24 414.96 0.00 1.00 0.01
3.9797 -0.11 4.14 3.14 0.14 -0.11 -0.24 414.96 0.00 1.00 -0.11
4.0945 -0.11 4.14 3.02 0.14 0.01 -0.24 415.44 0.00 1.13 0.01
4.2060 -0.11 4.27 3.02 0.01 0.01 -0.24 415.44 0.00 1.25 0.01
4.3161 -0.11 4.02 3.14 0.14 0.01 -0.24 414.47 0.00 0.88 0.01
4.4230 0.01 4.02 3.02 0.14 0.01 -0.24 415.44 0.00 1.00 0.01
4.5335 -0.11 4.02 3.02 0.01 0.01 -0.24 414.96 0.00 1.00 0.01
4.6388 -0.11 4.14 3.02 0.14 0.01 -0.24 414.96 0.00 1.13 0.01
4.7408 -0.11 4.14 3.02 0.01 0.01 -0.24 414.96 0.00 1.13 0.01
4.8528 -0.11 4.02 3.14 0.14 0.01 -0.24 414.96 0.00 0.88 0.01
4.9640 0.01 4.14 3.02 0.14 0.01 -0.24 414.96 0.00 1.13 0.01
5.0793 -0.11 4.14 2.89 0.01 0.01 -0.24 414.96 0.00 1.25 0.01
5.1890 -0.11 4.14 3.14 0.14 -0.11 -0.24 415.44 0.00 1.00 -0.11
5.2952 -0.11 4.02 3.02 0.01 0.01 -0.24 415.44 0.00 1.00 0.01
5.4060 -0.11 4.02 3.02 0.14 0.01 -0.24 414.96 0.00 1.00 0.01
5.5120 -0.11 4.02 3.02 0.01 0.01 -0.24 415.93 0.00 1.00 0.01
5.6146 -0.11 4.14 3.02 0.01 0.01 -0.24 415.44 0.00 1.13 0.01
5.7208 -0.11 4.02 3.02 0.14 0.01 -0.24 415.44 0.00 1.00 0.01
5.8325 -0.11 4.14 3.02 0.14 0.01 -0.24 415.44 0.00 1.13 0.01
5.9402 -0.11 4.14 3.02 0.01 -0.11 -0.24 414.47 0.00 1.13 -0.11
6.0555 -0.11 4.02 3.02 0.14 0.01 -0.24 415.44 0.00 1.00 0.01
6.1661 -0.11 4.14 3.02 0.14 0.01 -0.24 414.96 0.00 1.13 0.01
6.2785 -0.11 4.02 3.14 0.14 0.01 -0.24 415.44 0.00 0.88 0.01
6.3852 -0.11 4.02 3.02 0.14 0.01 -0.24 415.44 0.00 1.00 0.01
6.4905 -0.11 4.14 3.02 0.01 -0.11 -0.24 415.93 0.00 1.13 -0.11
6.6004 -0.11 4.02 3.14 0.14 -0.11 -0.24 414.96 0.00 0.88 -0.11
6.7127 0.01 4.14 3.02 0.01 0.01 -0.24 415.44 0.00 1.13 0.01
6.8155 -0.11 4.14 3.14 0.01 0.01 -0.24 415.44 0.00 1.00 0.01
6.9252 -0.11 4.14 3.02 0.14 0.01 -0.24 415.44 0.00 1.13 0.01
7.0471 -0.11 4.14 3.02 0.01 0.01 -0.24 415.44 0.00 1.13 0.01
7.1550 -0.11 4.14 3.14 0.14 0.01 -0.24 415.44 0.00 1.00 0.01
7.2607 -0.11 4.14 3.02 0.14 0.01 -0.24 416.42 0.00 1.13 0.01
7.3669 -0.11 4.14 3.02 0.14 0.01 -0.24 415.44 0.00 1.13 0.01
7.4773 -0.11 4.14 3.02 0.14 -0.11 -0.24 415.93 0.00 1.13 -0.11
7.5882 -0.11 4.14 3.02 0.14 0.01 -0.24 415.44 0.00 1.13 0.01
7.6994 -0.11 4.02 3.02 0.14 0.01 -0.24 415.44 0.00 1.00 0.01
7.8149 -0.11 4.14 3.02 0.14 0.01 -0.11 416.91 0.00 1.13 0.01
7.9171 -0.11 4.14 3.02 0.14 0.01 -0.24 415.44 0.00 1.13 0.01
8.0267 0.01 4.14 3.02 0.14 0.01 -0.24 415.93 0.00 1.13 0.01
8.1375 -0.11 4.14 3.02 0.14 0.01 -0.24 415.93 0.00 1.13 0.01
8.2486 -0.11 4.14 3.14 0.01 -0.11 -0.24 415.93 0.00 1.00 -0.11
8.3569 -0.11 4.02 3.02 0.14 -0.11 -0.24 416.42 0.00 1.00 -0.11
8.4633 -0.11 4.14 3.02 0.01 0.01 -0.24 416.91 0.00 1.13 0.01
8.5715 -0.11 4.14 3.02 0.14 -0.11 -0.24 415.44 0.00 1.13 -0.11
8.6788 -0.11 4.14 3.02 0.01 0.01 -0.24 416.42 0.00 1.13 0.01
8.7894 -0.11 4.02 3.02 0.14 0.01 -0.24 415.93 0.00 1.00 0.01
8.8913 -0.11 4.14 3.02 0.14 0.01 -0.24 416.42 0.00 1.13 0.01
9.0115 -0.11 4.14 3.02 0.01 0.01 -0.24 415.93 0.00 1.13 0.01
9.1254 -0.11 4.14 3.02 0.14 0.01 -0.24 415.93 0.00 1.13 0.01
9.2295 -0.11 4.02 3.02 0.01 0.01 -0.24 415.93 0.00 1.00 0.01
9.3363 -0.11 4.14 3.02 0.14 0.01 -0.24 415.44 0.00 1.13 0.01
9.4472 -0.11 4.14 3.02 0.14 0.01 -0.24 416.42 0.00 1.13 0.01
9.5543 -0.11 4.02 3.02 0.14 0.01 -0.24 415.93 0.00 1.00 0.01
9.6658 -0.11 4.02 3.02 0.14 0.01 -0.11 416.42 0.00 1.00 0.01
9.7723 -0.11 4.14 3.02 0.01 0.01 -0.24 415.93 0.00 1.13 0.01
9.8701 0.01 4.02 3.02 0.01 0.01 -0.24 415.93 0.00 1.00 0.01
9.9778 -0.11 4.14 3.14 0.14 -0.11 -0.24 415.93 0.00 1.00 -0.11
10.1099 -0.11 4.02 2.89 0.01 -0.11 -0.24 418.87 0.00 1.13 -0.11
10.2152 5.52 6.02 0.64 0.01 -0.11 -0.24 419.35 0.00 5.38 -0.11
10.3175 11.52 6.64 0.39 -0.11 -0.11 -0.36 415.93 0.00 6.26 -0.11
10.4273 18.16 7.14 0.51 0.01 -0.11 -0.36 412.02 0.00 6.63 -0.11
10.5291 22.66 7.27 0.51 0.01 -0.11 -0.24 408.11 0.00 6.76 -0.11
10.6381 25.16 7.65 0.51 0.01 -0.11 -0.24 400.78 0.00 7.13 -0.11
10.7376 26.16 7.90 0.51 0.01 -0.11 -0.24 395.89 0.00 7.38 -0.11
10.8488 26.66 8.15 0.51 0.01 -0.11 -0.24 390.52 0.00 7.63 -0.11
10.9515 26.91 8.15 0.51 0.01 -0.11 -0.24 383.19 0.00 7.63 -0.11
11.0692 27.04 8.15 0.51 0.01 -0.11 -0.24 375.86 0.00 7.63 -0.11
11.1811 27.16 8.15 0.51 0.01 -0.11 -0.24 369.50 0.00 7.63 -0.11
11.2835 27.16 8.15 0.51 0.01 -0.11 -0.24 363.64 0.00 7.63 -0.11
11.3888 27.16 8.02 0.51 0.01 0.01 -0.24 356.30 0.00 7.51 0.01
11.5004 27.16 8.15 0.51 0.01 -0.11 -0.24 348.48 0.00 7.63 -0.11
11.6105 27.16 8.15 0.51 0.01 -0.11 -0.24 342.62 0.00 7.63 -0.11
11.7136 27.16 8.15 0.51 0.01 -0.11 -0.36 336.27 0.00 7.63 -0.11
11.8190 27.16 8.15 0.51 0.01 -0.11 -0.24 330.89 0.00 7.63 -0.11
11.9225 27.16 8.02 0.51 0.01 -0.11 -0.36 324.05 0.00 7.51 -0.11
12.0320 27.16 8.02 0.51 0.01 -0.11 -0.24 317.69 0.00 7.51 -0.11
12.1425 27.16 8.02 0.51 0.01 -0.11 -0.24 312.32 0.00 7.51 -0.11
12.2528 27.16 8.02 0.51 0.01 -0.11 -0.24 306.45 0.00 7.51 -0.11
12.3639 27.16 8.02 0.51 0.01 -0.11 -0.24 301.08 0.00 7.51 -0.11
12.4749 27.16 8.02 0.51 0.01 -0.11 -0.36 295.70 0.00 7.51 -0.11
12.5864 27.16 8.15 0.39 0.01 -0.11 -0.36 290.32 0.00 7.76 -0.11
12.6962 27.16 8.02 0.51 0.01 -0.11 -0.24 285.92 0.00 7.51 -0.11
12.7994 27.16 8.15 0.51 0.01 0.01 -0.24 280.55 0.00 7.63 0.01
12.9077 27.16 8.02 0.51 0.01 -0.11 -0.24 276.64 0.00 7.51 -0.11
13.0123 27.16 8.02 0.39 0.01 -0.11 -0.24 271.75 0.00 7.63 -0.11
13.1188 27.16 8.02 0.51 0.01 -0.11 -0.24 266.86 0.00 7.51 -0.11
13.2205 27.16 8.02 0.51 0.01 -0.11 -0.24 261.97 0.00 7.51 -0.11
13.3232 27.16 8.02 0.51 0.01 -0.11 -0.24 258.06 0.00 7.51 -0.11
13.4281 27.16 8.02 0.51 0.01 -0.11 -0.24 254.15 0.00 7.51 -0.11
13.5391 27.16 8.02 0.51 0.01 -0.11 -0.24 249.76 0.00 7.51 -0.11
13.6502 27.16 8.02 0.51 0.01 -0.11 -0.24 244.87 0.00 7.51 -0.11
13.7605 27.16 8.02 0.39 0.01 -0.11 -0.24 240.96 0.00 7.63 -0.11
13.8703 27.04 8.02 0.39 0.01 -0.11 -0.24 237.54 0.00 7.63 -0.11
13.9779 27.16 8.02 0.51 -0.11 -0.11 -0.36 234.12 0.00 7.51 -0.11
14.0899 27.16 8.02 0.39 0.01 0.01 -0.24 230.21 0.00 7.63 0.01
14.1950 27.16 8.02 0.51 0.01 0.01 -0.24 226.78 0.00 7.51 0.01
14.3071 27.16 8.02 0.39 0.01 -0.11 -0.36 222.87 0.00 7.63 -0.11
14.4091 27.04 8.02 0.39 0.14 -0.11 -0.36 219.45 0.00 7.63 -0.11
14.5150 27.16 8.02 0.51 0.01 -0.11 -0.24 216.52 0.00 7.51 -0.11
14.6214 27.04 8.15 0.39 0.01 -0.11 -0.36 213.59 0.00 7.76 -0.11
14.7265 27.16 8.02 0.51 0.01 -0.11 -0.24 208.21 0.00 7.51 -0.11
14.8458 27.16 8.02 0.51 0.01 -0.11 -0.24 206.74 0.00 7.51 -0.11
14.9572 27.04 8.02 0.39 0.01 -0.11 -0.24 203.32 0.00 7.63 -0.11
15.0719 27.16 8.15 0.51 0.01 -0.11 -0.36 199.90 0.00 7.63 -0.11
15.1813 27.04 8.02 0.39 0.01 -0.11 -0.24 196.97 0.00 7.63 -0.11
15.2857 27.16 8.02 0.39 0.01 -0.11 -0.24 194.53 0.00 7.63 -0.11
15.3918 27.16 8.02 0.51 0.01 -0.11 -0.24 191.10 0.00 7.51 -0.11
15.4916 27.16 8.02 0.39 0.01 -0.11 -0.36 187.68 0.00 7.63 -0.11
15.6048 27.16 8.02 0.51 0.01 -0.11 -0.36 186.22 0.00 7.51 -0.11
15.7067 27.16 8.02 0.39 0.01 -0.11 -0.24 182.80 0.00 7.63 -0.11
15.8131 27.16 8.02 0.51 0.01 -0.11 -0.36 180.35 0.00 7.51 -0.11
15.9206 27.16 8.02 0.51 0.01 -0.11 -0.24 177.42 0.00 7.51 -0.11
16.0350 27.04 8.15 0.51 0.01 -0.11 -0.24 174.98 0.00 7.63 -0.11
16.1445 27.16 8.02 0.51 0.01 -0.11 -0.24 172.53 0.00 7.51 -0.11
16.2521 27.16 8.02 0.51 0.01 -0.11 -0.24 170.09 0.00 7.51 -0.11
16.3517 27.04 8.15 0.51 0.01 -0.11 -0.24 167.16 0.00 7.63 -0.11
16.4596 27.16 8.02 0.51 0.14 -0.11 -0.24 164.71 0.00 7.51 -0.11
16.5708 27.16 8.02 0.39 0.01 -0.11 -0.24 162.76 0.00 7.63 -0.11
16.6826 27.16 8.02 0.39 0.01 -0.11 -0.24 159.82 0.00 7.63 -0.11
16.7924 27.29 8.02 0.51 0.01 -0.11 -0.24 157.38 0.00 7.51 -0.11
16.8989 27.16 8.02 0.39 0.01 -0.11 -0.24 154.94 0.00 7.63 -0.11
17.0059 27.16 8.02 0.51 0.01 -0.11 -0.24 152.98 0.00 7.51 -0.11
17.1160 27.16 8.02 0.39 0.01 -0.11 -0.24 151.52 0.00 7.63 -0.11
17.2229 27.16 8.02 0.39 0.01 -0.11 -0.24 149.56 0.00 7.63 -0.11
17.3324 27.16 8.02 0.51 0.01 -0.11 -0.24 147.12 0.00 7.51 -0.11
17.4393 27.04 8.02 0.51 0.01 -0.11 -0.24 144.67 0.00 7.51 -0.11
17.5507 27.04 8.02 0.51 0.01 -0.11 -0.24 142.72 0.00 7.51 -0.11
17.6610 27.16 8.02 0.64 0.01 -0.11 -0.36 141.25 0.00 7.38 -0.11
17.7635 27.16 7.90 0.51 0.01 -0.11 -0.24 139.30 0.00 7.38 -0.11
17.8701 27.16 8.02 0.64 0.01 0.01 -0.24 136.85 0.00 7.38 0.01
17.9765 27.04 8.02 0.51 0.01 -0.11 -0.24 133.43 0.00 7.51 -0.11
18.0954 27.16 7.90 0.51 0.01 -0.11 -0.24 132.94 0.00 7.38 -0.11
18.2060 27.16 8.02 0.64 0.01 -0.11 -0.24 130.99 0.00 7.38 -0.11
18.3161 27.16 8.02 0.51 0.01 -0.11 -0.24 129.52 0.00 7.51 -0.11
18.4213 27.16 8.02 0.51 0.01 -0.11 -0.24 127.08 0.00 7.51 -0.11
18.5318 27.04 8.02 0.39 0.01 -0.11 -0.24 125.61 0.00 7.63 -0.11
18.6455 27.16 8.02 0.51 0.01 -0.11 -0.24 123.66 0.00 7.51 -0.11
18.7443 27.16 8.02 0.51 0.01 -0.11 -0.24 122.19 0.00 7.51 -0.11
18.8516 27.16 8.02 0.39 0.01 -0.11 -0.24 120.23 0.00 7.63 -0.11
18.9594 27.04 8.02 0.39 0.01 -0.11 -0.24 118.77 0.00 7.63 -0.11
19.0721 27.16 8.02 0.51 0.01 -0.11 -0.24 116.32 0.00 7.51 -0.11
19.1768 27.16 8.02 0.39 0.01 -0.11 -0.24 114.86 0.00 7.63 -0.11
19.2849 27.04 8.15 0.51 0.01 -0.11 -0.24 113.39 0.00 7.63 -0.11
19.3876 27.16 8.02 0.51 0.01 -0.11 -0.36 111.93 0.00 7.51 -0.11
19.4995 27.16 7.90 0.51 0.01 -0.11 -0.11 109.97 0.00 7.38 -0.11
19.6059 27.04 7.90 0.51 0.01 -0.11 -0.24 108.50 0.00 7.38 -0.11
19.7129 27.04 8.02 0.39 0.01 -0.11 -0.24 107.04 0.00 7.63 -0.11
19.8152 27.04 8.02 0.51 0.01 -0.11 -0.24 106.06 0.00 7.51 -0.11
19.9161 27.16 8.02 0.51 0.01 0.01 -0.24 103.62 0.00 7.51 0.01
20.0315 27.16 8.02 0.51 0.14 -0.11 -0.24 102.15 0.00 7.51 -0.11
20.1443 18.53 8.02 0.64 0.14 -0.11 -0.24 100.68 0.00 7.38 -0.11
20.2499 12.27 8.02 0.51 0.14 -0.11 -0.11 0.00 0.00 7.51 -0.11
20.3602 8.40 7.90 0.51 0.14 0.01 -0.11 0.00 0.00 7.38 0.01
20.4624 6.27 7.52 0.51 0.01 0.01 -0.24 0.00 0.00 7.01 0.01
20.5666 4.14 5.77 0.64 0.14 0.01 -0.24 0.00 0.00 5.13 0.01
20.6749 3.14 3.89 2.77 0.14 0.01 -0.24 0.00 0.00 1.13 0.01
20.7763 2.26 3.89 2.89 0.01 0.01 -0.24 0.00 0.00 1.00 0.01
20.8847 1.64 3.89 2.89 0.14 0.01 -0.24 101.17 0.00 1.00 0.01
20.9988 1.14 4.02 2.89 0.01 -0.11 -0.24 108.02 0.00 1.13 -0.11
21.1093 0.64 3.89 3.02 0.14 -0.11 -0.24 115.35 0.00 0.88 -0.11
21.2186 0.39 3.89 2.89 0.14 -0.11 -0.24 123.17 0.00 1.00 -0.11
21.3313 0.26 4.14 3.02 0.14 -0.11 -0.24 131.48 0.00 1.13 -0.11
21.4332 0.14 4.02 3.02 0.14 0.01 -0.24 140.27 0.00 1.00 0.01
21.5395 0.01 4.02 2.89 0.01 0.01 -0.24 148.09 0.00 1.13 0.01
21.6417 0.01 4.02 3.02 0.14 0.01 -0.24 156.40 0.00 1.00 0.01
21.7500 -0.24 4.02 2.89 0.14 0.01 -0.24 166.18 0.00 1.13 0.01
21.8589 0.01 4.02 3.02 0.01 0.01 -0.24 174.49 0.00 1.00 0.01
21.9641 0.01 4.02 3.02 0.01 -0.11 -0.24 183.77 0.00 1.00 -0.11
22.0801 0.01 4.02 2.89 0.14 0.01 -0.24 192.08 0.00 1.13 0.01
22.1833 -0.11 4.02 3.02 0.01 0.01 -0.24 198.92 0.00 1.00 0.01
22.2849 -0.11 4.02 2.89 0.14 0.01 -0.24 207.23 0.00 1.13 0.01
22.3879 -0.11 4.02 2.89 0.01 0.01 -0.24 215.05 0.00 1.13 0.01
22.4932 -0.11 4.02 3.02 0.01 0.01 -0.24 221.41 0.00 1.00 0.01
22.5964 -0.11 4.02 2.89 0.14 0.01 -0.24 229.23 0.00 1.13 0.01
22.7063 -0.11 4.02 3.02 0.14 0.01 -0.24 236.07 0.00 1.00 0.01
22.8130 -0.11 4.02 2.89 0.01 0.01 -0.24 242.42 0.00 1.13 0.01
22.9213 -0.11 4.02 3.02 0.01 0.01 -0.24 249.27 0.00 1.00 0.01
23.0338 -0.11 4.02 3.02 0.01 0.01 -0.24 256.11 0.00 1.00 0.01
23.1430 -0.11 3.89 3.02 0.14 -0.11 -0.24 261.49 0.00 0.88 -0.11
23.2474 -0.11 4.02 3.02 0.14 0.01 -0.24 267.84 0.00 1.00 0.01
23.3558 -0.11 4.02 3.02 0.14 -0.11 -0.24 273.22 0.00 1.00 -0.11
23.4592 -0.11 4.02 2.89 0.14 0.01 -0.24 278.59 0.00 1.13 0.01
23.5628 -0.11 4.14 3.02 0.14 -0.11 -0.24 283.97 0.00 1.13 -0.11
23.6720 -0.11 4.02 2.89 0.14 -0.11 -0.24 288.86 0.00 1.13 -0.11
23.7799 -0.11 4.02 2.89 0.01 0.01 -0.24 293.74 0.00 1.13 0.01
23.8870 -0.11 3.89 3.02 0.01 0.01 -0.24 298.14 0.00 0.88 0.01
23.9975 -0.11 4.02 3.02 0.14 0.01 -0.24 303.03 0.00 1.00 0.01
24.1040 -0.11 4.02 3.02 0.01 -0.11 -0.24 307.43 0.00 1.00 -0.11
24.2119 -0.11 4.02 2.89 0.01 0.01 -0.24 310.85 0.00 1.13 0.01
24.3145 -0.11 3.89 3.02 0.14 -0.11 -0.24 315.74 0.00 0.88 -0.11
24.4226 -0.11 3.89 3.02 0.01 0.01 -0.24 318.67 0.00 0.88 0.01
24.5291 0.01 3.89 2.89 0.01 0.01 -0.24 323.07 0.00 1.00 0.01
24.6398 -0.11 4.02 3.02 0.01 0.01 -0.24 326.98 0.00 1.00 0.01
24.7462 0.01 4.02 3.02 0.14 0.01 -0.24 329.42 0.00 1.00 0.01
24.8488 -0.11 4.02 2.89 0.01 -0.11 -0.24 333.82 0.00 1.13 -0.11
24.9586 -0.11 4.14 3.02 0.14 -0.11 -0.24 336.27 0.00 1.13 -0.11
25.0743 -0.11 4.02 2.89 0.14 0.01 -0.24 339.20 0.00 1.13 0.01
25.1827 -0.11 4.02 2.89 0.01 -0.11 -0.24 342.13 0.00 1.13 -0.11
25.2828 -0.11 3.89 3.02 0.01 0.01 -0.24 345.06 0.00 0.88 0.01
25.3835 0.01 4.02 3.02 0.01 0.01 -0.24 348.00 0.00 1.00 0.01
25.4876 -0.11 4.02 2.89 0.01 0.01 -0.24 349.95 0.00 1.13 0.01
25.5972 -0.11 4.02 3.02 0.01 0.01 -0.24 352.88 0.00 1.00 0.01
25.7097 0.01 4.02 2.89 0.14 -0.11 -0.24 354.84 0.00 1.13 -0.11
25.8176 -0.11 4.02 3.02 0.14 0.01 -0.24 358.26 0.00 1.00 0.01
25.9267 -0.11 4.02 2.89 0.01 0.01 -0.24 359.73 0.00 1.13 0.01
26.0363 0.01 4.02 2.89 0.14 0.01 -0.24 362.66 0.00 1.13 0.01
26.1477 -0.11 4.02 3.02 0.14 0.01 -0.24 365.59 0.00 1.00 0.01
26.2575 -0.11 4.02 2.89 0.14 0.01 -0.24 366.08 0.00 1.13 0.01
26.3636 -0.11 4.02 3.02 0.01 0.01 -0.36 367.55 0.00 1.00 0.01
26.4690 0.01 4.02 3.02 0.01 0.01 -0.24 369.50 0.00 1.00 0.01
26.5695 0.01 4.14 2.89 0.01 0.01 -0.24 371.46 0.00 1.25 0.01
26.6756 -0.11 4.02 3.02 0.14 0.01 -0.24 373.41 0.00 1.00 0.01
26.7898 -0.11 4.02 3.02 0.14 -0.11 -0.24 374.39 0.00 1.00 -0.11
26.9000 -0.11 4.02 2.89 0.01 -0.11 -0.24 376.83 0.00 1.13 -0.11
27.0162 -0.11 4.02 3.02 0.14 0.01 -0.24 377.81 0.00 1.00 0.01
27.1212 -0.11 4.02 3.02 0.01 0.01 -0.24 378.79 0.00 1.00 0.01
27.2336 -0.11 4.02 3.02 0.01 -0.11 -0.24 379.77 0.00 1.00 -0.11
27.3385 -0.11 4.02 2.89 0.01 0.01 -0.24 381.72 0.00 1.13 0.01
27.4444 -0.24 4.02 2.89 0.14 0.01 -0.24 382.70 0.00 1.13 0.01
27.5550 -0.11 4.02 3.02 0.01 0.01 -0.24 384.16 0.00 1.00 0.01
27.6585 -0.11 3.89 2.89 0.14 -0.11 -0.24 385.14 0.00 1.00 -0.11
27.7693 -0.11 4.02 3.02 0.01 0.01 -0.24 386.61 0.00 1.00 0.01
27.8779 -0.11 4.02 3.02 0.14 -0.11 -0.24 386.61 0.00 1.00 -0.11
27.9805 0.01 4.02 3.02 0.14 0.01 -0.24 388.56 0.00 1.00 0.01
28.0925 -0.11 4.02 3.02 0.14 -0.11 -0.24 388.56 0.00 1.00 -0.11
28.2016 -0.11 4.02 2.89 0.14 0.01 -0.24 389.54 0.00 1.13 0.01
28.3034 -0.11 4.02 2.89 0.14 0.01 -0.24 391.01 0.00 1.13 0.01
28.4118 -0.11 4.02 3.02 0.14 0.01 -0.24 391.50 0.00 1.00 0.01
28.5222 -0.11 4.14 3.02 0.14 -0.11 -0.24 391.98 0.00 1.13 -0.11
28.6319 -0.11 4.02 3.02 0.14 0.01 -0.24 393.45 0.00 1.00 0.01
28.7389 0.01 4.02 3.02 0.14 -0.11 -0.24 393.45 0.00 1.00 -0.11
28.8504 -0.11 4.14 3.02 0.01 0.01 -0.24 394.43 0.00 1.13 0.01
28.9609 -0.11 4.02 3.02 0.14 -0.11 -0.24 394.92 0.00 1.00 -0.11
29.0715 -0.11 4.02 3.02 0.01 -0.11 -0.24 395.41 0.00 1.00 -0.11
29.1866 -0.11 4.14 2.89 0.01 0.01 -0.24 396.38 0.00 1.25 0.01
29.2918 -0.11 4.02 3.14 0.14 0.01 -0.24 396.87 0.00 0.88 0.01
29.3993 0.01 4.02 2.89 0.01 0.01 -0.24 397.85 0.00 1.13 0.01
29.5092 -0.11 3.89 3.02 0.14 -0.11 -0.24 397.36 0.00 0.88 -0.11
29.6170 -0.11 4.02 2.89 0.14 0.01 -0.24 398.34 0.00 1.13 0.01
29.7223 -0.11 4.02 2.89 0.01 0.01 -0.24 399.32 0.00 1.13 0.01
29.8285 -0.11 4.02 3.02 0.01 0.01 -0.24 399.80 0.00 1.00 0.01
29.9382 -0.11 4.14 2.89 0.14 0.01 -0.24 399.80 0.00 1.25 0.01
30.0550 -0.24 4.02 2.89 0.01 -0.11 -0.24 404.20 0.00 1.13 -0.11
30.1594 5.14 6.02 0.64 0.01 -0.11 -0.24 402.74 0.00 5.38 -0.11
30.2672 12.02 6.77 0.51 0.01 -0.11 -0.24 401.76 0.00 6.26 -0.11
30.3756 18.53 7.02 0.51 0.01 -0.11 -0.24 398.34 0.00 6.51 -0.11
30.4808 22.91 7.39 0.39 0.01 -0.11 -0.24 393.45 0.00 7.01 -0.11
30.5910 25.16 7.65 0.51 0.01 0.01 -0.24 388.07 0.00 7.13 0.01
30.6975 26.16 7.90 0.51 0.01 -0.11 -0.36 382.21 0.00 7.38 -0.11
30.8020 26.66 8.15 0.51 0.01 -0.11 -0.24 376.34 0.00 7.63 -0.11
30.9047 26.91 8.15 0.39 0.01 -0.11 -0.24 370.97 0.00 7.76 -0.11
31.0120 27.04 8.02 0.51 0.01 -0.11 -0.24 363.64 0.00 7.51 -0.11
31.1143 27.04 8.02 0.39 0.01 -0.11 -0.24 357.28 0.00 7.63 -0.11
31.2222 27.16 8.02 0.51 0.01 -0.11 -0.24 352.39 0.00 7.51 -0.11
31.3252 27.16 8.02 0.51 0.01 -0.11 -0.24 345.55 0.00 7.51 -0.11
31.4274 27.16 8.15 0.51 0.01 -0.11 -0.36 338.71 0.00 7.63 -0.11
31.5331 27.16 8.02 0.51 0.01 -0.11 -0.24 332.84 0.00 7.51 -0.11
31.6447 27.16 8.02 0.51 0.01 -0.11 -0.24 327.47 0.00 7.51 -0.11
31.7483 27.16 8.02 0.39 0.01 -0.11 -0.24 320.63 0.00 7.63 -0.11
31.8576 27.16 8.02 0.51 0.01 -0.11 -0.24 315.25 0.00 7.51 -0.11
31.9636 27.16 8.02 0.51 0.01 -0.11 -0.24 309.87 0.00 7.51 -0.11
32.0727 27.04 8.02 0.51 0.01 -0.11 -0.24 304.50 0.00 7.51 -0.11
32.1809 27.16 8.02 0.39 0.01 -0.11 -0.24 298.63 0.00 7.63 -0.11
32.2808 27.16 8.02 0.39 0.01 -0.11 -0.36 294.23 0.00 7.63 -0.11
32.3833 27.04 8.02 0.51 0.01 -0.11 -0.36 288.86 0.00 7.51 -0.11
32.4877 27.04 8.02 0.51 0.01 -0.11 -0.24 284.46 0.00 7.51 -0.11
32.6001 27.16 8.02 0.51 0.01 0.01 -0.24 279.08 0.00 7.51 0.01
32.7130 27.16 8.15 0.51 0.14 -0.11 -0.36 274.19 0.00 7.63 -0.11
32.8215 27.16 8.02 0.51 0.01 0.01 -0.36 270.28 0.00 7.51 0.01
32.9260 27.16 8.02 0.51 0.14 0.01 -0.24 264.91 0.00 7.51 0.01
33.0401 27.16 8.15 0.51 0.01 -0.11 -0.24 260.51 0.00 7.63 -0.11
33.1504 27.16 8.02 0.39 0.14 -0.11 -0.24 256.11 0.00 7.63 -0.11
33.2612 27.16 8.02 0.51 0.14 -0.11 -0.24 252.20 0.00 7.51 -0.11
33.3642 27.04 8.02 0.51 0.01 -0.11 -0.24 247.80 0.00 7.51 -0.11
33.4704 27.16 8.02 0.51 0.01 -0.11 -0.24 244.87 0.00 7.51 -0.11
33.5766 27.16 8.02 0.51 0.14 -0.11 -0.24 239.98 0.00 7.51 -0.11
33.6856 27.04 8.02 0.39 0.01 0.01 -0.24 236.56 0.00 7.63 0.01
33.7921 27.16 8.02 0.51 0.14 -0.11 -0.24 232.16 0.00 7.51 -0.11
33.9052 27.16 8.02 0.39 0.01 -0.11 -0.24 228.25 0.00 7.63 -0.11
34.0232 27.16 8.02 0.51 0.01 -0.11 -0.24 224.83 0.00 7.51 -0.11
34.1288 27.16 8.02 0.51 0.01 -0.11 -0.24 221.41 0.00 7.51 -0.11
34.2397 27.04 8.02 0.39 0.01 -0.11 -0.24 217.50 0.00 7.63 -0.11
34.3500 27.16 7.90 0.51 0.01 -0.11 -0.24 214.57 0.00 7.38 -0.11
34.4618 27.04 8.02 0.51 0.01 -0.11 -0.36 211.14 0.00 7.51 -0.11
34.5690 27.04 8.02 0.51 0.01 -0.11 -0.36 207.23 0.00 7.51 -0.11
34.6743 27.16 8.15 0.51 0.01 -0.11 -0.24 204.30 0.00 7.63 -0.11
34.7915 27.04 8.02 0.39 0.01 -0.11 -0.24 201.37 0.00 7.63 -0.11
34.9000 27.04 8.02 0.51 0.01 -0.11 -0.24 198.44 0.00 7.51 -0.11
35.0167 27.04 8.02 0.39 0.01 -0.11 -0.36 194.53 0.00 7.63 -0.11
35.1219 27.04 8.02 0.39 0.01 -0.11 -0.24 192.57 0.00 7.63 -0.11
35.2237 27.16 8.02 0.51 0.01 -0.11 -0.24 190.62 0.00 7.51 -0.11
time[sec] P_G1 [KPa] P_D1 [KPa] P_S1 [KPa] P_G2 [KPa] P_D2 [KPa] P_Act [KPa] Q1 [M^3/s] Q2 [M^3/s] P_DS1 [KPa] P_DS2 [KPa]
08 01 19 15:39:21
0.0000 -0.11 2.14 1.76 0.14 0.01 -0.24 269.79 0.00 0.38 0.01
0.2281 0.01 2.26 2.01 0.14 0.01 -0.11 270.28 0.00 0.25 0.01
0.3614 0.01 2.14 1.76 0.01 0.01 -0.24 270.28 0.00 0.38 0.01
0.4747 -0.11 2.14 1.89 0.01 0.01 -0.24 270.77 0.00 0.25 0.01
0.5959 -0.11 2.14 1.76 0.14 0.01 -0.24 269.79 0.00 0.38 0.01
0.7209 0.14 2.14 1.76 0.01 -0.11 -0.24 271.26 0.00 0.38 -0.11
0.8361 -0.11 2.26 1.76 0.01 0.01 -0.24 271.75 0.00 0.50 0.01
0.9594 -0.11 2.14 1.76 0.01 0.01 -0.24 268.82 0.00 0.38 0.01
1.0685 -0.11 2.14 1.89 0.01 0.01 -0.24 271.75 0.00 0.25 0.01
1.1755 -0.11 2.14 1.76 0.01 -0.11 -0.24 270.28 0.00 0.38 -0.11
1.2877 -0.11 2.14 1.76 0.01 -0.11 -0.24 270.77 0.00 0.38 -0.11
1.3960 0.01 2.14 1.76 0.01 0.01 -0.24 270.28 0.00 0.38 0.01
1.5094 0.01 2.14 1.76 0.01 0.01 -0.11 270.28 0.00 0.38 0.01
1.6232 -0.24 2.14 1.76 0.01 -0.11 -0.24 269.79 0.00 0.38 -0.11
1.7370 -0.11 2.14 1.76 0.01 -0.11 -0.24 270.77 0.00 0.38 -0.11
1.8526 -0.11 2.14 1.76 0.14 0.01 -0.24 270.28 0.00 0.38 0.01
1.9767 -0.11 2.14 1.76 0.01 -0.11 -0.24 270.28 0.00 0.38 -0.11
2.0918 -0.11 2.14 1.76 0.01 0.01 -0.24 270.28 0.00 0.38 0.01
2.2056 -0.11 2.14 1.89 0.01 0.01 -0.24 269.79 0.00 0.25 0.01
2.3197 -0.11 2.14 1.76 0.01 0.01 -0.24 270.28 0.00 0.38 0.01
2.4314 -0.11 2.14 1.76 0.01 -0.11 -0.24 270.28 0.00 0.38 -0.11
2.5356 -0.11 2.14 1.76 0.14 0.01 -0.24 270.28 0.00 0.38 0.01
2.6505 -0.11 2.14 1.76 0.14 0.01 -0.36 270.28 0.00 0.38 0.01
2.7614 -0.11 2.14 1.89 0.01 0.01 -0.24 270.28 0.00 0.25 0.01
2.8814 -0.11 2.14 1.76 0.01 0.01 -0.36 269.79 0.00 0.38 0.01
2.9975 -0.11 2.14 1.76 0.14 0.01 -0.24 270.28 0.00 0.38 0.01
3.1093 -0.11 2.14 1.76 0.01 0.01 -0.24 271.26 0.00 0.38 0.01
3.2172 -0.11 2.01 1.76 0.01 0.01 -0.24 269.31 0.00 0.25 0.01
3.3268 -0.11 2.14 1.89 0.14 0.01 -0.24 269.79 0.00 0.25 0.01
3.4366 -0.36 2.14 1.76 0.14 0.01 -0.24 269.79 0.00 0.38 0.01
3.5518 -0.11 2.01 1.76 0.01 0.01 -0.24 269.79 0.00 0.25 0.01
3.6631 -0.11 2.14 1.76 0.14 0.01 -0.24 269.31 0.00 0.38 0.01
3.7738 -0.11 2.14 1.76 0.01 -0.11 -0.24 269.79 0.00 0.38 -0.11
3.8878 -0.11 2.14 1.76 0.01 0.01 -0.24 269.79 0.00 0.38 0.01
3.9910 -0.11 2.14 1.76 0.01 -0.11 -0.24 269.31 0.00 0.38 -0.11
4.1013 -0.11 2.14 1.76 0.01 -0.11 -0.24 269.31 0.00 0.38 -0.11
4.2121 -0.11 2.14 1.89 0.01 0.01 -0.24 269.79 0.00 0.25 0.01
4.3165 -0.11 2.14 1.76 0.14 0.01 -0.24 269.31 0.00 0.38 0.01
4.4288 -0.11 2.14 1.76 0.01 -0.11 -0.24 268.82 0.00 0.38 -0.11
4.5406 0.01 2.14 1.76 0.01 -0.11 -0.36 269.31 0.00 0.38 -0.11
4.6497 -0.11 2.14 1.76 0.01 0.01 -0.24 269.31 0.00 0.38 0.01
4.7603 -0.11 2.14 1.89 0.01 0.01 -0.24 269.31 0.00 0.25 0.01
4.8808 -0.11 2.14 1.76 0.01 0.01 -0.24 268.82 0.00 0.38 0.01
5.0015 -0.11 2.14 1.76 0.01 0.01 -0.24 269.31 0.00 0.38 0.01
5.1124 -0.11 2.14 1.76 0.14 0.01 -0.24 268.82 0.00 0.38 0.01
5.2229 -0.11 2.14 1.76 0.01 -0.11 -0.24 268.82 0.00 0.38 -0.11
5.3338 -0.11 2.14 1.89 0.01 -0.11 -0.24 269.31 0.00 0.25 -0.11
5.4482 -0.11 2.14 1.76 0.01 0.01 -0.24 269.31 0.00 0.38 0.01
5.5565 -0.11 2.14 1.76 0.01 0.01 -0.11 269.31 0.00 0.38 0.01
5.6658 0.14 2.14 1.64 0.01 -0.11 -0.24 269.31 0.00 0.50 -0.11
5.7753 -0.11 2.14 1.76 0.01 -0.11 -0.24 268.82 0.00 0.38 -0.11
5.8984 -0.11 2.14 1.76 0.01 0.01 -0.11 269.31 0.00 0.38 0.01
6.0145 -0.11 2.14 1.76 0.01 -0.11 -0.36 269.31 0.00 0.38 -0.11
6.1233 -0.11 2.14 1.89 0.01 -0.11 -0.24 270.28 0.00 0.25 -0.11
6.2358 -0.11 2.14 1.64 0.14 -0.11 -0.24 269.79 0.00 0.50 -0.11
6.3455 -0.11 2.01 1.76 0.01 0.01 -0.24 269.31 0.00 0.25 0.01
6.4556 0.01 2.26 1.76 0.01 -0.11 -0.24 269.79 0.00 0.50 -0.11
6.5677 -0.11 2.14 1.76 0.14 0.01 -0.24 269.31 0.00 0.38 0.01
6.6766 -0.11 2.14 1.76 0.01 0.01 -0.24 269.31 0.00 0.38 0.01
6.7870 -0.11 2.14 1.76 0.01 0.01 -0.24 269.79 0.00 0.38 0.01
6.9052 0.14 2.14 1.76 0.01 0.01 -0.24 270.28 0.00 0.38 0.01
7.0130 -0.11 2.14 1.76 0.01 -0.11 -0.24 268.33 0.00 0.38 -0.11
7.1206 -0.11 2.14 1.76 0.01 0.01 -0.24 270.28 0.00 0.38 0.01
7.2298 -0.11 2.14 1.76 0.01 -0.11 -0.24 269.31 0.00 0.38 -0.11
7.3399 -0.11 2.14 1.89 0.01 0.01 -0.24 269.79 0.00 0.25 0.01
7.4516 -0.11 2.14 1.64 0.01 -0.11 -0.24 268.82 0.00 0.50 -0.11
7.5600 -0.11 2.14 1.76 0.01 -0.11 -0.24 269.31 0.00 0.38 -0.11
7.6690 -0.11 2.14 1.64 0.14 -0.11 -0.36 269.79 0.00 0.50 -0.11
7.7790 -0.11 2.14 1.76 0.01 -0.11 -0.24 268.33 0.00 0.38 -0.11
7.8916 -0.11 2.14 1.76 0.14 -0.11 -0.24 268.82 0.00 0.38 -0.11
8.0044 -0.11 2.14 1.76 0.14 -0.11 -0.24 271.26 0.00 0.38 -0.11
8.1100 -0.11 2.26 1.76 0.01 -0.11 -0.24 270.77 0.00 0.50 -0.11
8.2209 -0.11 2.01 1.76 0.01 0.01 -0.24 271.26 0.00 0.25 0.01
8.3350 -0.11 2.14 1.64 0.01 0.01 -0.24 269.79 0.00 0.50 0.01
8.4449 -0.11 2.14 1.76 0.14 -0.11 -0.24 268.82 0.00 0.38 -0.11
8.5536 -0.11 2.14 1.76 0.01 0.01 -0.24 270.28 0.00 0.38 0.01
8.6606 -0.11 2.14 1.89 0.01 0.01 -0.24 269.79 0.00 0.25 0.01
8.7712 -0.11 2.14 1.76 0.01 -0.11 -0.24 270.28 0.00 0.38 -0.11
8.8762 -0.11 2.14 1.76 0.01 -0.11 -0.24 270.28 0.00 0.38 -0.11
8.9834 -0.11 2.14 1.89 0.01 0.01 -0.36 269.79 0.00 0.25 0.01
9.0882 -0.11 2.14 1.76 0.01 -0.11 -0.24 270.28 0.00 0.38 -0.11
9.1940 0.14 2.14 1.76 0.01 0.01 -0.24 270.28 0.00 0.38 0.01
9.2966 -0.11 2.14 1.76 0.14 0.01 -0.24 270.28 0.00 0.38 0.01
9.4053 -0.11 2.14 1.76 0.01 -0.11 -0.24 269.31 0.00 0.38 -0.11
9.5099 -0.11 2.14 1.76 0.01 0.01 -0.24 269.31 0.00 0.38 0.01
9.6214 -0.11 2.14 1.76 0.01 0.01 -0.24 270.28 0.00 0.38 0.01
9.7320 -0.36 2.14 1.89 0.01 -0.11 -0.24 269.79 0.00 0.25 -0.11
9.8434 0.01 2.14 1.89 0.14 0.01 -0.24 270.28 0.00 0.25 0.01
9.9622 -0.11 2.14 1.76 0.01 0.01 -0.11 269.79 0.00 0.38 0.01
10.0737 -0.11 2.14 1.76 -0.11 0.01 -0.36 273.70 0.00 0.38 0.01
10.1800 5.77 3.77 0.39 0.01 -0.11 -0.49 271.75 0.00 3.38 -0.11
10.2885 13.65 4.02 0.51 0.01 0.01 -0.36 270.28 0.00 3.50 0.01
10.3913 19.66 4.39 0.51 0.01 -0.11 -0.24 268.82 0.00 3.88 -0.11
10.4965 23.29 4.77 0.39 0.01 -0.11 -0.36 265.88 0.00 4.38 -0.11
10.6054 25.16 5.02 0.39 0.01 -0.11 -0.24 262.95 0.00 4.63 -0.11
10.7160 25.91 5.27 0.51 0.14 -0.24 -0.36 258.55 0.00 4.75 -0.24
10.8201 26.29 5.39 0.39 0.01 -0.11 -0.36 257.58 0.00 5.00 -0.11
10.9365 26.54 5.39 0.51 0.01 -0.11 -0.24 253.18 0.00 4.88 -0.11
11.0481 26.66 5.39 0.39 0.01 -0.11 -0.36 249.76 0.00 5.00 -0.11
11.1498 26.66 5.39 0.39 0.01 -0.24 -0.24 245.36 0.00 5.00 -0.24
11.2603 26.79 5.39 0.39 -0.11 -0.11 -0.36 241.94 0.00 5.00 -0.11
11.3650 26.66 5.39 0.39 0.01 -0.11 -0.24 238.03 0.00 5.00 -0.11
11.4727 26.66 5.39 0.51 0.01 -0.11 -0.36 234.60 0.00 4.88 -0.11
11.5825 26.79 5.27 0.51 0.14 -0.11 -0.36 230.69 0.00 4.75 -0.11
11.6943 26.66 5.39 0.39 0.01 -0.11 -0.24 228.25 0.00 5.00 -0.11
11.8014 26.79 5.27 0.51 0.01 -0.11 -0.36 223.85 0.00 4.75 -0.11
11.9168 26.66 5.39 0.39 0.01 -0.11 -0.24 220.43 0.00 5.00 -0.11
12.0234 26.79 5.27 0.39 0.01 0.01 -0.24 216.52 0.00 4.88 0.01
12.1294 26.66 5.39 0.51 0.01 -0.11 -0.24 213.59 0.00 4.88 -0.11
12.2310 26.66 5.27 0.39 0.01 -0.11 -0.24 210.65 0.00 4.88 -0.11
12.3413 26.79 5.39 0.51 0.01 -0.11 -0.24 207.72 0.00 4.88 -0.11
12.4519 26.66 5.27 0.39 0.01 -0.11 -0.24 204.30 0.00 4.88 -0.11
12.5673 26.66 5.39 0.26 0.01 -0.11 -0.36 200.88 0.00 5.13 -0.11
12.6765 26.66 5.27 0.51 0.01 -0.11 -0.36 197.46 0.00 4.75 -0.11
12.7875 26.66 5.39 0.51 0.14 -0.11 -0.24 194.53 0.00 4.88 -0.11
12.9065 26.66 5.39 0.51 0.01 -0.11 -0.24 192.08 0.00 4.88 -0.11
13.0158 26.66 5.27 0.51 0.01 -0.11 -0.36 188.66 0.00 4.75 -0.11
13.1225 26.66 5.27 0.39 0.01 -0.11 -0.24 186.22 0.00 4.88 -0.11
13.2344 26.66 5.27 0.51 0.01 0.01 -0.24 183.28 0.00 4.75 0.01
13.3413 26.66 5.27 0.39 0.01 -0.11 -0.36 180.84 0.00 4.88 -0.11
13.4456 26.79 5.27 0.51 0.01 -0.11 -0.36 177.91 0.00 4.75 -0.11
13.5507 26.66 5.27 0.51 0.01 -0.11 -0.24 175.95 0.00 4.75 -0.11
13.6505 26.79 5.27 0.39 0.01 -0.11 -0.36 174.49 0.00 4.88 -0.11
13.7633 26.66 5.27 0.51 0.01 -0.11 -0.36 170.58 0.00 4.75 -0.11
13.8774 26.66 5.27 0.51 0.14 -0.11 -0.24 167.64 0.00 4.75 -0.11
13.9875 26.66 5.27 0.51 0.01 -0.11 -0.24 165.69 0.00 4.75 -0.11
14.1027 26.79 5.27 0.51 0.01 -0.11 -0.36 163.25 0.00 4.75 -0.11
14.2166 26.66 5.27 0.51 0.14 -0.11 -0.36 160.80 0.00 4.75 -0.11
14.3200 26.66 5.39 0.39 0.01 -0.11 -0.24 158.36 0.00 5.00 -0.11
14.4314 26.66 5.27 0.51 0.01 -0.11 -0.36 155.91 0.00 4.75 -0.11
14.5404 26.66 5.39 0.39 0.01 -0.11 -0.24 153.96 0.00 5.00 -0.11
14.6527 26.66 5.27 0.51 0.01 -0.11 -0.36 151.52 0.00 4.75 -0.11
14.7607 26.66 5.27 0.39 0.01 -0.11 -0.24 149.56 0.00 4.88 -0.11
14.8659 26.66 5.27 0.39 -0.11 -0.11 -0.24 148.09 0.00 4.88 -0.11
14.9798 26.66 5.27 0.64 0.01 -0.11 -0.24 145.16 0.00 4.63 -0.11
15.0847 26.66 5.27 0.39 0.01 -0.11 -0.24 143.21 0.00 4.88 -0.11
15.1962 26.66 5.27 0.51 0.01 -0.11 -0.36 141.25 0.00 4.75 -0.11
15.3075 26.66 5.27 0.51 0.01 -0.11 -0.24 140.27 0.00 4.75 -0.11
15.4224 26.66 5.39 0.39 0.01 -0.11 -0.36 137.34 0.00 5.00 -0.11
15.5250 26.54 5.27 0.51 0.01 -0.11 -0.36 135.87 0.00 4.75 -0.11
15.6361 26.66 5.27 0.39 0.01 -0.11 -0.36 132.94 0.00 4.88 -0.11
15.7455 26.66 5.27 0.39 0.01 -0.11 -0.24 131.48 0.00 4.88 -0.11
15.8517 26.66 5.27 0.51 0.01 -0.11 -0.24 129.03 0.00 4.75 -0.11
15.9688 26.66 5.27 0.39 0.01 -0.11 -0.24 128.05 0.00 4.88 -0.11
16.0767 26.66 5.27 0.51 0.01 -0.11 -0.36 126.10 0.00 4.75 -0.11
16.1869 26.66 5.27 0.39 0.01 -0.11 -0.36 124.14 0.00 4.88 -0.11
16.2950 26.66 5.27 0.39 0.01 0.01 -0.36 121.70 0.00 4.88 0.01
16.3951 26.66 5.27 0.64 0.01 -0.11 -0.24 121.21 0.00 4.63 -0.11
16.4996 26.79 5.27 0.39 0.01 -0.11 -0.36 119.75 0.00 4.88 -0.11
16.6097 26.66 5.27 0.51 0.01 -0.11 -0.24 117.79 0.00 4.75 -0.11
16.7115 26.66 5.27 0.51 0.01 0.01 -0.24 115.84 0.00 4.75 0.01
16.8181 26.66 5.27 0.39 0.01 -0.11 -0.24 114.86 0.00 4.88 -0.11
16.9293 26.66 5.27 0.39 0.01 -0.11 -0.36 113.39 0.00 4.88 -0.11
17.0316 26.79 5.27 0.39 0.01 -0.11 -0.24 111.44 0.00 4.88 -0.11
17.1405 26.66 5.27 0.39 0.01 -0.11 -0.36 109.97 0.00 4.88 -0.11
17.2487 26.66 5.27 0.51 0.01 -0.11 -0.24 108.50 0.00 4.75 -0.11
17.3535 26.79 5.27 0.39 0.01 -0.11 -0.24 106.55 0.00 4.88 -0.11
17.4663 26.66 5.27 0.39 0.01 -0.11 -0.24 106.06 0.00 4.88 -0.11
17.5797 26.66 5.27 0.39 0.01 -0.11 -0.24 103.62 0.00 4.88 -0.11
17.6913 26.66 5.27 0.39 0.01 -0.11 -0.24 102.15 0.00 4.88 -0.11
17.7969 26.66 5.27 0.51 0.01 -0.11 -0.36 100.68 0.00 4.75 -0.11
17.9116 26.66 5.27 0.39 0.01 -0.11 -0.24 0.00 0.00 4.88 -0.11
18.0197 26.54 5.27 0.39 0.01 -0.11 -0.36 0.00 0.00 4.88 -0.11
18.1279 26.66 5.27 0.39 0.01 -0.11 -0.24 0.00 0.00 4.88 -0.11
18.2387 26.66 5.27 0.39 0.01 -0.11 -0.11 0.00 0.00 4.88 -0.11
18.3470 26.41 5.27 0.51 0.01 -0.11 -0.24 0.00 0.00 4.75 -0.11
18.4516 26.66 5.27 0.39 0.01 -0.11 -0.24 0.00 0.00 4.88 -0.11
18.5635 26.66 5.27 0.39 0.01 -0.11 -0.36 0.00 0.00 4.88 -0.11
18.6745 26.54 5.27 0.51 0.01 -0.11 -0.36 0.00 0.00 4.75 -0.11
18.7793 26.66 5.27 0.51 0.01 -0.11 -0.24 0.00 0.00 4.75 -0.11
18.8901 26.66 5.27 0.51 0.14 -0.11 -0.24 0.00 0.00 4.75 -0.11
19.0035 26.79 5.27 0.39 0.01 -0.11 -0.24 0.00 0.00 4.88 -0.11
19.1102 26.66 5.27 0.39 0.01 -0.11 -0.24 0.00 0.00 4.88 -0.11
19.2130 26.66 5.27 0.51 -0.11 -0.11 -0.36 0.00 0.00 4.75 -0.11
19.3231 26.66 5.27 0.51 0.01 -0.11 -0.24 0.00 0.00 4.75 -0.11
19.4324 26.66 5.27 0.51 -0.11 -0.11 -0.49 0.00 0.00 4.75 -0.11
19.5408 26.66 5.27 0.51 0.01 0.01 -0.24 0.00 0.00 4.75 0.01
19.6477 26.66 5.27 0.39 -0.11 -0.11 -0.36 0.00 0.00 4.88 -0.11
19.7588 26.79 5.27 0.51 0.01 -0.11 -0.24 0.00 0.00 4.75 -0.11
19.8663 26.79 5.27 0.51 0.01 -0.24 -0.36 0.00 0.00 4.75 -0.24
19.9765 26.66 5.27 0.51 0.01 -0.11 -0.24 0.00 0.00 4.75 -0.11
20.0870 26.66 5.27 0.39 0.01 0.01 -0.24 0.00 0.00 4.88 0.01
20.1958 18.53 5.27 0.51 0.01 -0.11 -0.24 0.00 0.00 4.75 -0.11
20.3028 12.02 5.27 0.51 0.01 -0.11 -0.24 0.00 0.00 4.75 -0.11
20.4132 7.90 5.27 0.51 0.01 -0.11 -0.24 0.00 0.00 4.75 -0.11
20.5259 5.39 5.02 0.51 0.14 0.01 -0.24 0.00 0.00 4.50 0.01
20.6273 4.02 4.52 0.64 0.14 0.01 -0.24 0.00 0.00 3.88 0.01
20.7297 2.52 2.89 0.64 0.01 -0.11 -0.24 0.00 0.00 2.25 -0.11
20.8456 1.76 1.89 1.51 0.14 0.01 -0.24 0.00 0.00 0.38 0.01
20.9509 1.51 2.01 1.64 0.01 0.01 -0.36 0.00 0.00 0.38 0.01
21.0658 1.01 2.01 1.64 0.14 0.01 -0.24 0.00 0.00 0.38 0.01
21.1719 0.76 2.01 1.64 0.14 0.01 -0.24 0.00 0.00 0.38 0.01
21.2822 0.51 2.01 1.64 0.01 -0.11 -0.24 0.00 0.00 0.38 -0.11
21.3854 0.26 2.01 1.64 0.14 -0.11 -0.24 0.00 0.00 0.38 -0.11
21.4900 0.26 2.01 1.76 0.14 0.01 -0.24 0.00 0.00 0.25 0.01
21.5952 0.14 2.01 1.64 0.01 -0.11 -0.24 0.00 0.00 0.38 -0.11
21.6993 0.01 1.89 1.64 0.01 -0.11 -0.24 0.00 0.00 0.25 -0.11
21.8120 0.01 2.01 1.64 0.01 -0.11 -0.36 0.00 0.00 0.38 -0.11
21.9189 0.01 2.01 1.51 0.14 -0.11 -0.24 0.00 0.00 0.50 -0.11
22.0327 -0.11 2.01 1.76 0.01 0.01 -0.24 0.00 0.00 0.25 0.01
22.1452 0.01 2.01 1.64 0.14 0.01 -0.24 102.15 0.00 0.38 0.01
22.2549 0.14 2.01 1.64 0.14 0.01 -0.24 105.57 0.00 0.38 0.01
22.3644 0.01 2.01 1.76 0.14 0.01 -0.24 110.46 0.00 0.25 0.01
22.4748 -0.11 1.89 1.64 0.14 -0.11 -0.24 113.39 0.00 0.25 -0.11
22.5814 -0.11 2.01 1.76 0.14 -0.11 -0.24 116.81 0.00 0.25 -0.11
22.6877 0.01 2.01 1.64 -0.11 -0.11 -0.24 120.23 0.00 0.38 -0.11
22.7940 -0.11 2.01 1.64 0.01 -0.11 -0.24 123.66 0.00 0.38 -0.11
22.9019 -0.11 2.01 1.76 0.01 0.01 -0.24 127.08 0.00 0.25 0.01
23.0038 -0.24 2.01 1.64 0.01 0.01 -0.24 130.01 0.00 0.38 0.01
23.1104 -0.11 2.01 1.64 0.01 -0.11 -0.36 132.94 0.00 0.38 -0.11
23.2162 -0.11 2.01 1.76 0.01 -0.11 -0.24 135.39 0.00 0.25 -0.11
23.3228 -0.36 2.01 1.64 0.01 -0.11 -0.24 139.30 0.00 0.38 -0.11
23.4252 -0.11 2.01 1.76 0.14 -0.11 -0.24 142.72 0.00 0.25 -0.11
23.5339 -0.24 2.01 1.76 0.14 -0.11 -0.24 145.16 0.00 0.25 -0.11
23.6469 -0.11 2.01 1.76 0.01 0.01 -0.24 148.09 0.00 0.25 0.01
23.7572 -0.11 2.01 1.64 0.01 -0.11 -0.24 151.03 0.00 0.38 -0.11
23.8673 -0.11 2.01 1.64 0.14 0.01 -0.24 153.47 0.00 0.38 0.01
23.9781 0.01 2.01 1.64 0.01 0.01 -0.24 156.89 0.00 0.38 0.01
24.0894 -0.11 2.01 1.64 0.01 0.01 -0.24 158.36 0.00 0.38 0.01
24.1980 -0.11 2.14 1.64 0.14 0.01 -0.24 161.29 0.00 0.50 0.01
24.3067 -0.36 2.01 1.76 0.14 -0.11 -0.24 165.20 0.00 0.25 -0.11
24.4165 -0.11 2.01 1.76 0.01 0.01 -0.24 166.67 0.00 0.25 0.01
24.5190 -0.11 2.01 1.76 0.14 -0.11 -0.24 169.11 0.00 0.25 -0.11
24.6206 0.01 2.01 1.76 0.14 -0.11 -0.24 171.07 0.00 0.25 -0.11
24.7322 -0.11 2.01 1.64 0.14 -0.11 -0.24 173.02 0.00 0.38 -0.11
24.8384 -0.11 2.01 1.76 0.01 0.01 -0.24 175.46 0.00 0.25 0.01
24.9470 -0.11 2.14 1.64 0.01 -0.11 -0.24 176.93 0.00 0.50 -0.11
25.0633 0.01 2.01 1.76 0.01 0.01 -0.24 180.35 0.00 0.25 0.01
25.1700 0.01 2.01 1.76 0.01 -0.11 -0.24 181.82 0.00 0.25 -0.11
25.2838 -0.11 2.01 1.64 0.14 -0.11 -0.24 182.80 0.00 0.38 -0.11
25.3913 -0.11 2.01 1.76 0.01 0.01 -0.24 185.24 0.00 0.25 0.01
25.5031 -0.11 2.01 1.64 0.01 -0.11 -0.24 187.19 0.00 0.38 -0.11
25.6080 -0.11 2.01 1.64 0.01 -0.11 -0.24 188.66 0.00 0.38 -0.11
25.7193 -0.24 2.14 1.76 0.01 -0.11 -0.24 190.13 0.00 0.38 -0.11
25.8299 -0.11 2.01 1.76 0.01 -0.11 -0.24 192.57 0.00 0.25 -0.11
25.9478 -0.11 2.01 1.76 0.01 -0.11 -0.24 194.53 0.00 0.25 -0.11
26.0578 -0.11 2.01 1.76 0.01 -0.11 -0.24 195.50 0.00 0.25 -0.11
26.1672 -0.11 2.01 1.64 0.01 0.01 -0.24 197.46 0.00 0.38 0.01
26.2755 -0.11 2.14 1.76 0.01 -0.11 -0.24 198.92 0.00 0.38 -0.11
26.3872 0.01 2.01 1.76 0.14 -0.11 -0.24 199.90 0.00 0.25 -0.11
26.4966 -0.36 2.01 1.64 0.01 -0.11 -0.24 201.86 0.00 0.38 -0.11
26.6042 0.01 2.14 1.76 0.01 -0.11 -0.24 203.32 0.00 0.38 -0.11
26.7064 0.01 2.01 1.64 0.01 0.01 -0.24 204.30 0.00 0.38 0.01
26.8163 -0.11 1.89 1.76 0.01 0.01 -0.24 205.28 0.00 0.13 0.01
26.9299 -0.11 2.01 1.76 0.01 -0.11 -0.24 206.26 0.00 0.25 -0.11
27.0415 -0.11 2.01 1.64 0.14 0.01 -0.24 208.70 0.00 0.38 0.01
27.1423 -0.11 2.14 1.76 0.01 0.01 -0.24 210.17 0.00 0.38 0.01
27.2494 -0.11 2.14 1.64 0.14 0.01 -0.24 212.61 0.00 0.50 0.01
27.3574 -0.11 2.01 1.64 0.14 0.01 -0.24 213.10 0.00 0.38 0.01
27.4690 -0.11 2.01 1.89 0.01 -0.11 -0.36 215.05 0.00 0.13 -0.11
27.5751 -0.11 2.01 1.76 0.01 0.01 -0.24 216.52 0.00 0.25 0.01
27.6810 -0.11 2.01 1.76 0.01 -0.11 -0.24 216.52 0.00 0.25 -0.11
27.7907 -0.11 2.01 1.64 0.01 0.01 -0.24 218.48 0.00 0.38 0.01
27.9069 -0.11 2.01 1.64 0.01 0.01 -0.11 218.96 0.00 0.38 0.01
28.0081 -0.11 2.01 1.76 0.01 -0.11 -0.24 220.43 0.00 0.25 -0.11
28.1153 -0.11 2.01 1.76 0.01 -0.11 -0.24 221.90 0.00 0.25 -0.11
28.2218 -0.11 2.01 1.76 0.14 -0.11 -0.24 221.90 0.00 0.25 -0.11
28.3267 -0.11 2.01 1.64 0.01 -0.11 -0.24 223.85 0.00 0.38 -0.11
28.4389 0.01 2.01 1.76 0.01 -0.11 -0.36 224.83 0.00 0.25 -0.11
28.5411 -0.11 2.01 1.76 0.01 0.01 -0.24 225.81 0.00 0.25 0.01
28.6512 -0.11 2.01 1.76 0.14 -0.11 -0.24 227.27 0.00 0.25 -0.11
28.7559 -0.11 2.01 1.76 0.14 0.01 -0.24 227.76 0.00 0.25 0.01
28.8637 -0.11 2.01 1.76 0.01 0.01 -0.49 228.25 0.00 0.25 0.01
28.9800 -0.11 2.01 1.64 0.01 -0.11 -0.24 230.21 0.00 0.38 -0.11
29.0942 -0.11 2.01 1.76 0.01 -0.11 -0.24 230.69 0.00 0.25 -0.11
29.2037 -0.11 2.01 1.64 0.14 -0.11 -0.24 231.67 0.00 0.38 -0.11
29.3151 -0.11 2.01 1.89 0.01 -0.11 -0.24 232.16 0.00 0.13 -0.11
29.4255 -0.11 2.01 1.76 0.01 0.01 -0.24 233.63 0.00 0.25 0.01
29.5409 -0.11 2.01 1.64 0.14 -0.11 -0.24 234.12 0.00 0.38 -0.11
29.6460 -0.11 2.01 1.76 0.01 -0.11 -0.24 234.60 0.00 0.25 -0.11
29.7621 -0.11 2.01 1.64 0.14 -0.11 -0.24 236.56 0.00 0.38 -0.11
29.8791 -0.11 2.01 1.76 0.01 0.01 -0.24 237.05 0.00 0.25 0.01
29.9867 -0.11 2.14 1.76 0.01 0.01 -0.24 237.05 0.00 0.38 0.01
30.0924 -0.11 2.01 1.64 -0.11 -0.11 -0.24 239.98 0.00 0.38 -0.11
30.2003 5.89 3.64 0.51 0.01 -0.11 -0.36 239.49 0.00 3.13 -0.11
30.3097 14.03 4.02 0.51 0.01 -0.11 -0.36 239.98 0.00 3.50 -0.11
30.4124 19.91 4.39 0.39 0.14 -0.11 -0.36 238.03 0.00 4.00 -0.11
30.5192 23.41 4.64 0.51 0.01 -0.11 -0.24 235.58 0.00 4.13 -0.11
30.6305 25.29 5.02 0.39 0.01 -0.11 -0.24 234.60 0.00 4.63 -0.11
30.7352 26.04 5.14 0.51 0.01 -0.11 -0.24 232.65 0.00 4.63 -0.11
30.8432 26.41 5.39 0.51 0.01 -0.11 -0.36 228.74 0.00 4.88 -0.11
30.9563 26.54 5.39 0.39 0.01 -0.11 -0.36 227.27 0.00 5.00 -0.11
31.0671 26.54 5.39 0.51 0.01 -0.11 -0.24 222.87 0.00 4.88 -0.11
31.1783 26.54 5.39 0.39 0.01 -0.11 -0.36 218.48 0.00 5.00 -0.11
31.2807 26.66 5.27 0.51 0.01 -0.11 -0.24 217.01 0.00 4.75 -0.11
31.3880 26.66 5.27 0.51 -0.11 -0.11 -0.36 212.61 0.00 4.75 -0.11
31.5194 26.66 5.27 0.51 0.01 -0.11 -0.24 209.68 0.00 4.75 -0.11
31.6255 26.66 5.39 0.39 0.01 -0.11 -0.36 206.26 0.00 5.00 -0.11
31.7309 26.66 5.27 0.64 0.01 -0.11 -0.36 203.81 0.00 4.63 -0.11
31.8452 26.66 5.27 0.39 0.01 -0.11 -0.36 200.39 0.00 4.88 -0.11
31.9625 26.66 5.27 0.51 0.01 -0.11 -0.24 197.46 0.00 4.75 -0.11
32.0715 26.66 5.27 0.51 0.01 -0.11 -0.36 194.53 0.00 4.75 -0.11
32.1766 26.66 5.27 0.39 0.14 -0.11 -0.24 192.08 0.00 4.88 -0.11
32.2885 26.66 5.27 0.51 0.01 -0.11 -0.36 189.15 0.00 4.75 -0.11
32.4031 26.66 5.14 0.51 0.01 0.01 -0.24 185.73 0.00 4.63 0.01
32.5179 26.66 5.27 0.51 0.01 -0.11 -0.36 182.31 0.00 4.75 -0.11
32.6271 26.66 5.27 0.39 -0.11 -0.11 -0.24 179.86 0.00 4.88 -0.11
32.7390 26.66 5.27 0.51 0.01 -0.11 -0.24 177.42 0.00 4.75 -0.11
32.8458 26.66 5.27 0.51 0.01 -0.11 -0.24 174.98 0.00 4.75 -0.11
32.9561 26.66 5.27 0.39 0.01 -0.11 -0.24 172.04 0.00 4.88 -0.11
33.0661 26.66 5.27 0.51 0.01 -0.11 -0.36 170.09 0.00 4.75 -0.11
33.1739 26.66 5.27 0.39 0.01 -0.11 -0.36 167.64 0.00 4.88 -0.11
33.2841 26.41 5.27 0.51 0.01 -0.11 -0.24 164.71 0.00 4.75 -0.11
33.3909 26.66 5.27 0.64 0.01 -0.11 -0.24 162.27 0.00 4.63 -0.11
33.4972 26.66 5.27 0.51 0.01 -0.11 -0.24 160.31 0.00 4.75 -0.11
33.6039 26.66 5.27 0.39 0.01 -0.11 -0.24 158.36 0.00 4.88 -0.11
33.7064 26.66 5.27 0.51 0.01 -0.11 -0.36 155.43 0.00 4.75 -0.11
33.8162 26.66 5.39 0.39 0.01 -0.11 -0.24 152.98 0.00 5.00 -0.11
33.9319 26.66 5.39 0.51 -0.11 -0.11 -0.36 151.03 0.00 4.88 -0.11
34.0392 26.66 5.27 0.51 0.01 -0.11 -0.24 147.61 0.00 4.75 -0.11
34.1441 26.66 5.27 0.39 0.01 -0.11 -0.24 147.12 0.00 4.88 -0.11
34.2487 26.66 5.27 0.51 0.01 -0.11 -0.36 145.16 0.00 4.75 -0.11
34.3563 26.79 5.27 0.51 0.01 -0.11 -0.24 142.23 0.00 4.75 -0.11
34.4673 26.54 5.27 0.39 0.01 -0.11 -0.36 140.76 0.00 4.88 -0.11
34.5787 26.66 5.27 0.51 0.01 -0.11 -0.36 139.30 0.00 4.75 -0.11
34.6853 26.66 5.27 0.39 0.01 -0.11 -0.24 136.85 0.00 4.88 -0.11
34.7930 26.54 5.27 0.51 0.01 -0.11 -0.24 135.39 0.00 4.75 -0.11
34.9058 26.66 5.27 0.51 0.01 -0.11 -0.36 132.94 0.00 4.75 -0.11
35.0169 26.79 5.27 0.39 0.01 -0.11 -0.24 131.48 0.00 4.88 -0.11
35.1231 26.66 5.27 0.51 0.01 -0.11 -0.36 129.52 0.00 4.75 -0.11
35.2332 26.79 5.27 0.26 0.01 -0.11 -0.36 128.05 0.00 5.00 -0.11
