time[sec] P_G1 [Psi] P_D1 [Psi] P_S1 [Psi] P_G2 [Psi] P_D2 [Psi] P_Act [Psi] Q1 [ml/min] Q2 [ml/min] P_DS1 [Psi] P_DS2 [Psi]
11 03 19 14:46:36
23.0432 -0.09 0.21 0.66 0.81 1.31 1.06 18.57 15.64 -0.45 1.31
53.2843 6.33 7.05 0.76 0.86 1.23 1.04 18.33 3.67 6.29 1.23
81.8017 11.11 13.92 0.70 0.87 1.31 1.01 17.11 25.25 13.22 1.31
111.0004 16.18 15.35 0.76 0.84 1.29 1.04 2.93 32.26 14.59 1.29
141.8098 20.97 22.66 0.70 0.83 1.30 0.98 4.89 11.00 21.96 1.30
173.3315 26.70 33.83 0.73 0.89 1.30 1.11 8.55 17.11 33.09 1.30
205.8870 30.42 49.44 0.64 0.64 1.14 0.89 0.00 9.78 48.80 1.14
232.4953 36.05 49.10 0.64 0.85 1.39 1.14 4.89 9.78 48.46 1.39
261.4028 41.33 48.89 0.81 0.86 1.31 1.04 7.82 10.75 48.07 1.31
294.5337 46.56 53.61 0.97 0.76 1.35 1.01 27.70 11.40 52.63 1.35
315.7310 51.31 56.32 0.89 1.01 1.26 1.14 9.78 14.66 55.43 1.26
355.1307 56.32 58.32 0.85 0.76 1.47 1.01 3.26 8.15 57.47 1.47
381.4722 61.25 59.95 0.91 0.86 1.36 1.04 7.82 7.82 59.03 1.36
time[sec] P_G1 [Psi] P_D1 [Psi] P_S1 [Psi] P_G2 [Psi] P_D2 [Psi] P_Act [Psi] Q1 [ml/min] Q2 [ml/min] P_DS1 [Psi] P_DS2 [Psi]
11 03 19 14:56:23
21.4362 -0.04 7.27 1.41 0.96 1.36 1.01 677.42 14.66 5.86 1.36
52.5018 6.21 7.12 1.37 0.87 1.41 0.95 661.45 3.26 5.76 1.41
80.8210 10.55 14.25 0.98 0.79 1.26 1.01 679.37 12.22 13.26 1.26
109.7952 16.06 20.75 1.45 0.89 1.36 1.01 643.94 2.44 19.30 1.36
141.7855 21.03 22.16 1.51 0.89 1.33 0.95 637.83 4.89 20.65 1.33
173.0588 26.29 69.86 0.81 0.96 1.29 0.99 6.84 13.69 69.04 1.29
201.8116 30.89 69.01 0.91 0.91 1.34 1.04 7.82 12.71 68.09 1.34
229.8700 36.38 68.54 0.81 0.93 1.39 0.97 6.52 8.15 67.73 1.39
260.3365 41.80 68.67 0.89 0.95 1.26 1.01 8.55 20.77 67.78 1.26
290.6402 46.03 68.58 0.91 0.99 1.31 1.01 18.57 10.75 67.67 1.31
320.8573 51.19 67.48 0.89 0.92 1.30 1.08 8.55 12.22 66.60 1.30
351.8620 56.53 65.24 1.01 0.89 1.31 1.01 4.89 13.03 64.23 1.31
379.7900 60.95 68.70 0.89 1.01 1.39 1.01 4.89 14.66 67.82 1.39
time[sec] P_G1 [Psi] P_D1 [Psi] P_S1 [Psi] P_G2 [Psi] P_D2 [Psi] P_Act [Psi] Q1 [ml/min] Q2 [ml/min] P_DS1 [Psi] P_DS2 [Psi]
11 03 19 15:04:51
20.3150 -0.08 26.66 4.36 0.98 1.33 1.04 1889.05 13.44 22.30 1.33
48.8440 6.27 26.73 4.45 0.89 1.39 1.01 1879.28 2.44 22.27 1.39
81.1673 11.19 26.25 4.39 1.06 1.31 1.06 1930.60 9.78 21.85 1.31
112.6322 16.03 26.31 4.39 0.91 1.29 1.06 1951.12 4.89 21.92 1.29
142.8407 20.97 26.37 4.41 0.93 1.37 0.91 1958.29 5.70 21.96 1.37
170.5210 26.25 67.91 0.85 0.97 1.31 1.01 648.42 4.89 67.07 1.31
202.8180 30.48 67.08 1.39 1.01 1.33 1.08 794.23 2.44 65.69 1.33
233.0302 36.02 66.55 1.04 0.89 1.31 0.99 834.80 5.87 65.51 1.31
261.8272 41.64 66.45 0.83 0.91 1.35 1.01 872.43 6.52 65.63 1.35
292.5017 46.81 66.45 0.76 0.97 1.31 0.97 897.69 11.40 65.69 1.31
323.7890 51.81 67.25 0.72 1.01 1.31 0.93 777.13 3.26 66.52 1.31
348.8060 56.76 66.45 0.76 1.01 1.33 1.01 728.25 7.33 65.69 1.33
382.3135 61.10 65.92 0.70 0.95 1.30 0.98 689.15 9.78 65.22 1.30
time[sec] P_G1 [Psi] P_D1 [Psi] P_S1 [Psi] P_G2 [Psi] P_D2 [Psi] P_Act [Psi] Q1 [ml/min] Q2 [ml/min] P_DS1 [Psi] P_DS2 [Psi]
11 03 19 15:12:06
20.6422 -0.06 36.95 6.57 0.91 1.34 0.96 2471.16 10.75 30.38 1.34
52.4917 6.23 37.05 6.60 0.97 1.39 0.93 2447.05 6.52 30.45 1.39
80.4900 11.23 37.22 6.69 0.85 1.31 0.97 2458.46 4.89 30.53 1.31
110.8118 16.05 37.40 6.69 0.91 1.33 1.01 2456.83 8.15 30.72 1.33
144.4667 20.91 37.38 6.81 0.97 1.39 0.93 2461.71 1.63 30.57 1.39
172.3123 26.51 37.30 6.86 0.95 1.33 0.98 2470.67 29.33 30.44 1.33
201.3447 30.73 37.30 6.89 0.92 1.30 1.08 2470.67 3.67 30.40 1.30
230.7560 35.99 72.96 0.83 0.89 1.33 1.08 4.89 9.78 72.13 1.33
266.8090 40.87 71.65 0.89 0.89 1.39 1.08 9.78 4.89 70.76 1.39
292.2280 46.76 70.16 1.81 0.94 1.31 1.01 7.82 10.75 68.34 1.31
323.1763 51.98 69.04 1.81 0.89 1.43 0.97 13.03 13.03 67.23 1.43
352.5160 54.90 68.43 3.43 0.93 1.28 1.03 9.78 8.96 65.00 1.28
381.1783 61.57 69.50 11.48 1.01 1.31 1.10 6.52 9.78 58.01 1.31
time[sec] P_G1 [Psi] P_D1 [Psi] P_S1 [Psi] P_G2 [Psi] P_D2 [Psi] P_Act [Psi] Q1 [ml/min] Q2 [ml/min] P_DS1 [Psi] P_DS2 [Psi]
11 03 19 15:28:33
22.7720 -0.17 49.31 24.54 0.95 1.33 1.01 3323.56 12.22 24.77 1.33
51.8113 6.33 48.59 20.94 0.92 1.33 0.98 3304.01 6.11 27.65 1.33
83.0618 11.32 47.71 19.33 0.96 1.31 0.94 3298.14 11.73 28.38 1.31
111.8285 16.12 47.25 25.51 0.98 1.30 1.01 3307.67 8.55 21.74 1.30
140.8675 21.22 47.28 25.41 0.86 1.33 0.98 3311.34 20.77 21.87 1.33
173.9000 26.79 47.68 25.29 0.89 1.39 0.89 3318.67 4.89 22.40 1.39
202.4607 30.67 48.18 24.70 0.85 1.39 0.97 3312.15 8.15 23.48 1.39
230.2036 36.20 48.49 26.44 0.89 1.34 1.01 3321.60 4.89 22.05 1.34
257.8210 42.01 48.77 25.12 0.93 1.31 1.01 3315.41 4.89 23.65 1.31
289.8585 46.31 72.96 17.97 0.83 1.33 1.01 9.78 9.78 54.99 1.33
323.3397 51.72 72.58 13.43 0.92 1.30 0.98 9.78 11.00 59.15 1.30
353.0342 56.57 69.83 13.33 0.96 1.34 0.89 10.75 10.75 56.51 1.34
381.1057 61.41 69.91 15.61 0.89 1.43 1.01 9.78 8.15 54.30 1.43
time[sec] P_G1 [Psi] P_D1 [Psi] P_S1 [Psi] P_G2 [Psi] P_D2 [Psi] P_Act [Psi] Q1 [ml/min] Q2 [ml/min] P_DS1 [Psi] P_DS2 [Psi]
11 03 19 15:40:41
22.3205 -0.11 40.18 18.84 1.04 1.45 1.08 3102.39 20.77 21.33 1.45
51.1367 6.19 39.93 18.57 1.06 1.47 1.10 3097.10 3.26 21.35 1.47
80.8343 11.19 40.32 18.49 0.97 1.39 1.10 3101.99 7.33 21.83 1.39
109.8143 16.15 40.64 19.11 1.01 1.47 1.06 3110.13 8.15 21.52 1.47
142.2174 21.33 41.08 18.38 0.99 1.34 1.06 3113.39 2.93 22.70 1.34
172.8593 26.16 41.33 18.59 0.98 1.39 1.11 3110.95 7.33 22.74 1.39
206.8220 31.42 41.49 19.16 1.01 1.33 1.01 3108.50 2.44 22.33 1.33
228.7930 36.42 41.74 19.53 1.01 1.45 1.01 3108.50 12.22 22.21 1.45
 NaN  NaN  NaN  NaN  NaN  NaN  NaN  NaN  NaN  NaN  NaN
293.8440 46.72 71.58 16.78 1.01 1.35 1.06 3.26 11.40 54.80 1.35
324.4983 51.98 70.29 17.32 0.97 1.35 1.10 324.21 8.15 52.97 1.35
353.1860 56.86 68.62 16.90 0.97 1.43 1.06 490.39 4.89 51.72 1.43
383.8213 61.35 68.55 17.87 0.92 1.33 1.08 333.58 8.55 50.67 1.33
