time[sec] P_G1 [Psi] P_D1 [Psi] P_S1 [Psi] P_G2 [Psi] P_D2 [Psi] P_Act [Psi] Q1 [ml/min] Q2 [ml/min] P_DS1 [Psi] P_DS2 [Psi]
11 18 19 22:18:24
18.8631 -0.24 7.71 14.96 16.90 6.39 5.96 267.60 283.48 -7.26 6.39
51.8588 -2.31 7.48 13.04 16.96 4.77 4.41 201.09 215.75 -5.56 4.77
81.8304 -2.24 7.18 12.45 15.17 4.95 4.50 213.66 214.36 -5.27 4.95
113.8067 -2.21 7.14 11.62 14.81 4.96 4.52 205.28 216.28 -4.47 4.96
143.8254 -2.11 7.35 11.32 14.11 5.10 4.60 215.05 221.57 -3.96 5.10
172.8360 -2.05 7.61 11.49 14.59 5.05 4.64 219.94 227.27 -3.88 5.05
202.8136 -2.02 7.43 11.46 15.03 5.05 4.70 218.72 227.27 -4.04 5.05
227.8577 -1.99 7.48 11.48 14.28 5.10 4.64 224.83 226.46 -4.00 5.10
261.8411 -1.99 7.06 11.57 13.65 5.14 4.35 228.09 226.46 -4.50 5.14
294.8297 -1.93 7.61 11.46 14.71 5.08 4.74 212.61 227.27 -3.85 5.08
324.8135 -1.90 7.65 11.37 14.90 5.24 4.83 226.05 233.38 -3.72 5.24
346.8484 -1.80 7.83 11.52 14.84 5.14 4.77 224.83 227.27 -3.69 5.14
381.4167 -1.81 7.19 11.37 14.00 5.24 4.92 227.76 234.60 -4.18 5.24
410.8315 -1.99 7.90 11.21 14.28 5.21 4.83 237.05 237.05 -3.32 5.21
443.8357 -1.86 8.10 11.07 14.74 5.18 4.85 226.46 231.35 -2.96 5.18
472.8246 -1.90 7.68 10.80 13.62 5.30 4.86 229.72 232.16 -3.13 5.30
501.8415 -1.89 7.85 10.62 13.73 5.24 4.89 225.81 232.65 -2.78 5.24
532.8314 -1.61 8.24 10.71 14.09 5.17 4.86 228.49 235.83 -2.47 5.17
559.8492 -1.89 7.57 10.35 13.60 5.12 4.64 220.92 222.87 -2.78 5.12
591.8201 -1.91 8.60 10.23 15.32 4.98 4.64 229.72 219.94 -1.63 4.98
618.8639 -1.74 8.65 9.46 13.28 4.89 4.52 217.50 215.05 -0.81 4.89
655.8087 -1.99 7.98 9.06 12.82 4.89 4.56 218.31 211.80 -1.08 4.89
 NaN  NaN  NaN  NaN  NaN  NaN  NaN  NaN  NaN  NaN  NaN
712.8388 -1.90 8.15 8.65 13.68 4.80 4.52 205.28 218.72 -0.50 4.80
 NaN  NaN  NaN  NaN  NaN  NaN  NaN  NaN  NaN  NaN  NaN
